0
0
0
0
0
0
0
0
0
0
56378
30056
17399
10117
6101
4362
3045
2377
2069
1933
1871
1951
2176
2913
3884
5749
8256
11677
14855
15795
14575
11724
9117
7245
5851
4902
4315
3984
3899
3992
4416
4955
5678
6668
7884
9489
10505
10868
10763
9859
8772
7889
7182
6243
5894
5551
5433
5607
5883
6022
6520
6823
7745
8082
8491
8549
8832
8504
8357
8103
7545
6959
6903
6728
6373
6092
6068
6366
6521
7100
7324
7698
7902
8135
8240
8015
7763
7714
7572
7593
7260
6773
6651
6913
6925
6761
6767
6951
7083
7377
7473
7492
7466
7574
7980
7618
7459
7123
7235
7258
7386
7436
7261
7212
6906
6858
6797
7088
7050
7436
7521
7509
7469
7476
7499
7511
7503
7224
7208
7317
7194
6893
6891
6833
6960
6876
7180
7341
7321
7369
7307
7264
7469
7547
7415
7471
7486
7578
7555
7099
6923
7097
6943
6983
7111
6971
7057
7229
7222
7386
7436
7666
7787
7794
7511
7244
7271
7102
7100
7207
7256
7254
7010
7076
6693
6842
6962
7355
7427
7549
7606
7786
7459
7292
7134
7039
7163
7342
7457
7212
7185
7044
7103
7139
7381
7223
7081
7159
7406
7499
7518
7471
7298
7133
7237
6971
7022
7103
7206
7236
7260
7241
7362
7534
7675
7329
7265
6983
7143
7200
7135
6992
6988
6867
7257
7316
7183
7360
7324
7240
6996
6957
7161
7416
7472
7366
7227
7046
7385
7406
7441
7471
7100
7167
7189
7158
6944
6760
7045
7322
7415
7454
7589
7271
7356
7317
7255
7207
7344
7324
7370
7211
6992
7207
7097
7144
7099
7014
7093
7162
7218
7272
7051
7275
7168
7176
7262
7361
7592
7585
7543
7281
7174
7003
7119
7218
7176
7230
7141
7210
7321
7113
7052
7457
7511
7204
7130
7302
7463
7299
7251
7296
7128
7228
7010
7076
7108
7057
7294
7368
7102
7125
7434
7307
7348
7351
7141
7165
6986
7029
6982
7148
7423
7167
7419
7030
7182
7339
7449
7592
7612
7202
7133
7288
6966
6777
6727
6861
6926
6745
7281
7697
7474
7373
7460
7535
7507
7283
7523
7047
6728
6975
7189
6761
6925
7027
7302
7184
7063
7247
7384
7243
7323
7236
7347
7220
7269
7292
7163
7089
6953
6989
7142
7297
6995
7039
7231
7205
6984
6950
7035
7375
7410
7517
7472
7448
7484
7219
6903
6790
6885
7117
6923
7258
7290
7195
7244
7472
7270
7297
7037
7291
7281
7259
7215
7236
7070
7268
7626
7196
6967
7102
7036
7233
7248
6982
7030
6969
7237
7357
7452
7617
7623
7234
7207
7196
7185
7337
7153
7107
6979
7132
7054
7011
7259
7041
7219
7401
7443
7407
7216
7392
7555
7508
7367
7230
7230
7079
6885
7225
7113
7351
7199
6992
6986
7150
7122
7250
7256
7426
7446
7515
7335
7496
7395
7205
7378
7055
6988
7123
6816
7123
7122
6973
6953
7182
6955
7382
7495
7527
7141
7230
7399
7194
7069
7098
7212
7350
7633
7480
7269
7316
6987
7292
7079
7104
7004
6878
6983
7286
7215
7040
7311
7378
7025
7224
7267
7034
7276
7356
7360
7412
7303
7137
7222
7125
7267
7111
7249
7414
7234
7160
6892
6869
7167
7331
7185
7273
7244
7345
7142
7410
7303
7258
7243
7197
7248
7302
7052
7167
7094
6930
7130
7032
7212
7217
7418
7500
7094
7130
7171
7332
7355
7362
7248
7138
7328
7164
7203
6882
7002
7076
7063
6805
6887
7165
7381
7318
7455
7295
7092
7150
7086
7263
7412
7292
7406
7073
7127
7119
7231
6904
7000
7203
7260
7390
7435
7298
7193
7245
7195
7250
7371
7108
7085
7198
7141
7214
7252
7206
7319
7184
7042
6948
7235
7362
7256
7244
7461
7153
7037
7345
7207
7117
6847
6945
7037
6957
7131
7251
7405
7409
7341
7254
7279
7341
7570
7526
7365
7104
7316
7489
7097
7089
7102
6906
7031
6930
6633
7134
7252
7274
7553
7634
7518
7257
6965
7269
7166
6930
7135
7161
7259
7105
7015
7150
7074
7373
7269
7200
7448
7619
7602
7574
7091
6980
7062
6924
7118
7059
7115
7020
7132
6984
7073
7419
7439
7364
7243
7294
7427
7507
7216
7075
6980
7101
7054
6987
6949
6891
6910
7024
7114
7211
7313
7571
7393
7587
7614
7412
7321
7085
6930
6845
7181
6952
7063
7120
7159
7274
7107
7230
7160
7313
7516
7619
7369
7554
7264
7211
7123
7164
7121
7105
6990
7205
7054
7045
7229
7126
6904
7301
7370
7430
7397
7354
7227
7305
7184
7136
7117
6944
6846
7409
7251
7459
7397
7181
7140
7296
7448
7296
7204
7291
7026
7316
7243
7394
7476
7278
7181
7174
7136
6781
6717
6790
7203
7422
7324
7376
7460
7210
7388
7330
7389
7489
7081
7285
7218
7036
7068
7212
7086
7253
7301
7328
7413
7144
7182
6908
7278
7210
7122
7224
7240
7514
7686
7481
7395
7189
7292
7224
7073
7184
7212
7224
7149
7107
7216
7323
7233
7269
7231
7100
7117
7310
7584
7443
7127
7340
7219
7272
7426
7065
7142
7180
7201
7041
7122
7080
7329
7446
7399
7173
7385
7166
7433
7413
7235
7327
7362
6976
7318
7242
7081
7273
7107
7140
7260
7672
7473
7495
7161
6831
7067
7360
7157
7082
7181
7384
7377
7193
7217
7163
7620
7575
7629
7478
7502
7258
7196
6899
6914
6615
6668
6970
7018
7090
7146
7286
7875
7871
8357
8076
7796
7615
7301
7323
7203
6935
6460
6409
6008
6404
6564
6605
7084
7532
8027
8306
8156
8511
8811
8393
8290
7535
6869
6582
6110
5352
5472
5558
5934
6106
6597
7365
7933
8852
9862
10686
10311
10536
9679
8194
6665
5473
4687
4130
3825
3746
4090
4474
4939
5792
7183
8934
11719
14579
16377
15751
12558
8598
5659
3689
2564
2015
1668
1689
1749
1905
2329
2784
4184
6105
9846
16077
27905
50985
11681
0
0
0
0
0
0
0
0
0
0
0
0
0
0
0
0
0
0
0
0
0
