0
0
0
0
0
0
0
0
0
0
54750
30536
17548
10735
6979
4677
3439
2406
2168
1928
1889
1862
2099
2800
3731
5152
7820
11190
14454
15824
14335
12259
9522
7897
6236
5038
4428
4086
4199
4171
4422
4852
5441
6276
7423
8594
9769
10302
10476
9933
9209
8447
7309
6709
6245
5951
5587
5575
5633
5865
6119
6679
7527
7872
8296
8625
8814
8584
8146
8136
7259
7209
6832
6649
6760
6801
6365
6437
6705
7017
7277
7519
7747
7906
7683
7526
7717
7706
7539
7337
6937
6901
6985
7188
6991
7172
7013
7027
7107
6957
7326
7349
7429
7623
7705
7682
7406
7217
7080
6887
6995
7150
7288
7508
7472
7260
7277
7374
7392
7168
7208
7341
7266
7489
7266
7327
7301
7430
7300
7062
7061
6865
6940
7033
7157
7602
7645
7504
7387
7334
7410
7516
7410
7097
7101
7390
7255
7229
7170
6817
7008
6846
6929
6968
7386
7321
7463
7591
7440
7496
7308
7442
7233
7313
7246
6885
6885
6961
6656
7011
7125
7235
7320
7352
7631
7676
7481
7362
7328
7100
7164
7010
6818
6890
7080
6975
7016
7157
6991
7292
7496
7553
7589
7259
7509
7278
7406
7208
7175
7096
6909
7110
6890
7013
7074
7091
7043
7010
7345
7507
7591
7530
7490
7433
7318
7034
7029
6802
6900
6983
7184
7470
7059
7064
7155
7300
7461
7465
7650
7299
7235
7331
7202
7209
7098
6916
7028
6977
7097
6917
7138
7274
7212
7315
7314
7241
7361
7322
7487
7545
7131
7261
7227
7188
6963
6835
6922
7189
7109
7204
7143
7500
7404
7320
7139
7145
7214
7256
7085
7110
7199
7283
7299
7133
7231
7194
7138
7175
6898
6981
6990
7305
7522
7566
7352
6979
7053
7053
7270
7149
7293
7336
7155
7220
7437
7218
7157
7481
7458
7117
6981
7085
6958
7121
7226
7258
7036
7382
7311
7309
7116
7336
7161
6879
6910
7267
7310
7121
7232
7519
7399
7078
7155
7042
7220
7149
7236
7113
7368
7223
7109
7200
7160
7245
7310
7066
7306
7400
7417
7259
7165
6990
6949
7198
7142
7274
7212
7343
7443
7275
7328
7200
7218
7246
7209
7136
7043
7129
7297
7238
7107
7047
7321
7270
7210
7470
7441
7366
7243
7150
7281
6898
6887
7139
6989
6954
7312
7342
7431
7339
7437
7446
7140
7018
6970
6978
7234
7260
7246
7281
7113
7348
7477
7190
7077
6995
7238
7124
6988
7299
7381
7258
7170
7225
7332
7229
7287
7332
7275
7197
7328
7114
7123
7053
7213
7155
6916
7094
7423
7139
7112
7474
7391
7320
7281
7301
7409
7512
7239
7469
7421
7017
6909
6848
6841
6789
6979
7068
7131
7007
6948
7253
7521
7536
7516
7474
7731
7602
7387
7204
7073
6997
6946
6759
6610
6735
7113
7197
7286
7401
7387
7341
7355
7437
7345
7457
7657
7333
7186
7177
6998
7209
6808
6738
6756
7044
6969
7221
7573
7578
7457
7443
7217
7339
7376
7161
7363
7364
7498
7177
7140
6928
6867
7049
7099
7158
7185
7299
7112
7257
7101
7179
7064
7229
7149
7006
7184
7242
7251
7472
7264
7271
7274
7279
7263
7164
7048
7043
6980
7329
7185
7008
6975
7081
7107
7465
7478
7520
7527
7347
7477
7401
7298
7002
7067
7013
6950
6826
7047
7058
7056
7121
7132
7322
6991
7154
7294
7651
7496
7194
7344
7305
7272
7008
7052
7005
7136
6978
7283
7165
7043
7171
6998
7088
7350
7715
7613
7562
7672
7445
7222
7146
6966
6878
6909
6981
7057
6989
7114
7138
7021
6892
6987
6956
7282
7538
7652
7696
7402
7589
7053
6907
7297
7316
7205
7010
6923
7055
6938
6734
6919
7255
7043
6982
7436
7644
7739
7569
7177
7340
7127
7034
7015
7387
7287
6895
7040
6937
7000
7004
7131
7308
7453
7562
7662
7272
7244
7175
7250
7225
7067
7365
7315
7086
7124
6752
7038
7118
7277
7024
6977
6989
7101
6900
7277
7419
7479
7441
7320
7289
7363
7451
7387
7214
6988
7186
7255
7305
7068
7052
7023
6822
6992
7067
7133
7309
7361
7504
7298
7272
7456
7402
7293
7281
7083
7136
7155
6979
7021
7128
7084
6984
7015
7125
7078
7343
7612
7525
7509
7427
7444
7296
7095
7013
6984
7157
7147
7061
7161
7042
7188
7220
7186
7284
7456
7180
7232
7364
7326
7289
7512
7109
7138
7196
6993
6924
6866
7131
7466
7258
7576
7200
7208
7363
7531
7285
7308
7193
7137
7099
7168
7094
7178
6928
7131
7031
7279
7482
7587
7449
7423
7629
7318
7358
7284
7168
7167
7007
6952
7123
7137
7092
7375
7492
7283
7232
7472
7070
7351
7561
7450
7281
7195
7016
7082
7048
6874
7065
7042
7161
7444
7241
7286
7607
7303
7212
7421
7460
7412
7074
7365
7262
7351
7253
7307
7088
7195
7495
7245
6983
7313
7617
7762
7598
7344
7264
7189
7184
7176
7061
7123
6958
7232
6907
7254
7362
7556
7395
7295
7526
7459
7360
7441
7437
7690
7593
7277
6802
6790
7042
6964
6892
6942
7160
7473
7599
7753
7741
7679
7609
7525
7273
7337
7104
6894
6962
7123
7147
6850
7084
6955
6973
7018
7575
7609
7996
7938
7896
7870
7305
7213
7065
7365
6898
6770
6717
6951
6767
7122
7117
7239
7462
7839
7729
7996
7973
7616
7435
7251
7098
7110
6867
6476
6625
6490
6815
7319
7413
7640
7807
7917
8183
8189
7874
7652
7457
7263
7146
6997
6704
6629
6477
6378
6142
6343
6829
7648
8086
8180
8528
8485
8664
8702
8135
7508
7234
6712
6398
6037
5564
5810
5693
5893
6438
6866
7582
8264
9105
9699
10231
10489
9928
9038
7959
6473
5672
4711
4342
4268
4346
4361
4807
5387
6069
7512
9240
11531
13985
15620
14772
11988
8409
5897
4220
2971
2424
2073
1871
1842
2003
2154
3017
4224
6182
9660
15935
27690
50125
11527
0
0
0
0
0
0
0
0
0
0
0
0
0
0
0
0
0
0
0
0
0
