0
0
0
0
0
0
0
0
0
0
64675
32661
17394
9242
5636
3523
2474
1829
1739
1609
1591
1709
2055
2685
3766
5912
9245
13972
17974
18315
15591
11866
8797
6718
5310
4182
3601
3400
3560
3811
4361
5152
6034
7588
9163
10673
11929
12004
11202
10398
9377
7948
6951
6650
5915
5556
5314
5037
5606
6037
6371
7374
8205
8838
9264
9884
9672
9126
8682
8301
7587
7228
6819
6553
6496
6522
6328
6624
7024
7224
7789
8427
8593
8404
8351
8441
8146
7905
7899
7311
7098
7214
7029
7304
7082
6965
7040
7498
7479
7787
7943
7799
8178
7993
7881
7650
7596
7727
7529
7501
7061
6912
7284
7449
7523
7520
7370
7551
7534
7929
8025
8146
8188
7618
7325
7426
7205
7167
7568
7393
7388
7400
7475
7680
7807
7512
7555
7939
7651
7604
7726
7503
7447
7682
7584
7478
7380
7428
7361
7270
7566
7683
7664
7785
7532
7727
7725
7702
7616
7385
7432
7371
7413
7474
7637
7580
7300
7370
7564
7897
7832
7914
7757
7545
7575
7778
7716
7539
7488
7349
7487
7568
7629
7566
7640
7426
7640
7565
7487
7672
7348
7463
7602
7597
7385
7597
7879
7853
7800
7877
7753
7258
7513
7328
7317
7491
7416
7522
7368
7738
7745
7563
7431
7555
7902
7818
7544
7606
7452
7454
7523
7293
7368
7465
7329
7483
7662
7759
7642
7634
7508
7340
7523
7266
7670
7944
7853
7645
7458
7601
7721
7537
7607
7745
7397
7452
7294
7285
7365
7340
7618
7473
7689
7664
7852
7652
7622
7653
7537
7637
7538
7350
7498
7423
7532
7556
7268
7124
7639
7553
7464
7828
7953
7943
7643
7781
7475
7443
7416
7268
7344
7468
7471
7595
7653
7545
7510
7536
7468
7340
7594
7895
8055
7846
7933
7665
7225
7371
7433
7231
7125
7202
7505
7592
7352
7336
7807
7797
7936
7727
7996
7974
7540
7543
7387
7366
7070
7139
7164
7331
7416
7160
7524
7614
7711
7926
7823
7863
8026
7650
7663
7681
7592
7230
7188
7207
7059
7086
7503
7917
7891
7769
7849
7790
7603
7323
7411
7692
7634
7614
7375
7553
7366
7607
7191
7298
7332
7337
7479
8034
8060
8138
8129
7768
7782
7376
7084
7246
7346
7486
7356
7130
7083
7219
7483
7598
7583
7872
7838
7961
7757
7787
7455
7321
7462
7474
7492
7188
7142
7323
7133
7361
7762
7768
7792
7591
7529
7743
7949
7811
7828
7518
7432
7455
7272
7201
7273
7127
7294
7653
7544
7645
7817
7408
7578
7338
7946
7995
7843
7777
7276
7453
7356
7418
7168
6874
7086
7382
7560
7906
8052
7978
7779
7662
7684
7722
7663
7377
7560
7280
7318
7271
6917
7146
7110
7137
7829
7644
7771
7938
7883
7854
7603
7665
7569
7483
7627
7318
7142
7240
7336
7190
7293
7151
7247
7679
7829
7706
8111
8108
7642
7155
7036
6899
7024
7240
7486
7575
7464
7487
7395
7450
7601
7518
7714
7872
7443
7508
7647
8033
7749
7463
7153
7060
7243
7722
7711
7868
7800
7629
7608
7433
7249
7277
7131
7158
7437
7665
7375
7571
7616
7680
7508
7453
7710
7696
7703
7697
7536
7329
7271
7284
7590
7502
7621
7789
7742
7414
7500
7527
7659
7288
7230
7353
7051
7295
7411
7773
7837
7628
7536
7590
7553
7386
7504
7692
7552
7514
7294
7415
7238
7484
7519
7406
7421
7570
7516
7648
7651
7611
7850
7542
7417
7449
7571
7382
7380
7671
7790
7437
7980
7369
7610
7795
7864
7679
7465
7375
7196
7243
6949
7285
7324
7404
7376
7839
7819
7520
7932
7871
7670
7413
7467
7393
7591
7602
7477
7342
7489
7528
7544
7765
7261
7223
7305
7301
7568
7826
7574
7627
7704
7661
7605
7614
7607
7389
7244
7327
7532
7517
7231
7228
7079
7328
7474
7623
8119
8073
7574
7470
7572
7365
7635
7678
7440
7184
7236
7254
7220
7393
7424
7578
7394
7701
7820
8178
7957
7806
7853
7601
7382
7099
7130
7056
7383
7586
7535
7449
7562
7649
7614
7786
7503
7495
7715
7654
7731
7753
7665
7637
7226
7338
7353
7204
7355
7456
7518
7238
7538
7539
7784
7913
7758
7567
7540
7615
7727
7639
7387
7337
7186
7186
7278
7260
7424
7559
7533
7659
7924
7473
7760
7649
7577
7775
7809
7995
7741
7436
7260
7034
7125
7051
6926
7155
7655
7695
7811
7884
8166
7671
7685
7707
7561
7550
7446
7409
7601
7508
7167
7290
7179
7196
7263
7506
7746
7739
7682
7940
7884
7602
7829
7865
7824
7388
7384
7343
7071
7132
7052
7381
7541
7742
7620
7518
7504
7740
7714
7545
7570
7677
7789
7583
7782
7344
7192
6955
7319
7283
7382
7350
7644
7731
7562
7627
7686
7539
7747
7766
7937
7620
7345
7411
7275
6900
6987
7192
7228
7400
7514
7692
7923
7694
7802
7913
7778
7701
7666
7531
7536
7649
7488
7341
7220
7235
7257
7149
7506
7551
7819
7826
7998
7912
7785
7690
7429
7482
7369
6971
7185
7352
7455
7457
7419
7753
8222
8201
8330
7862
8061
7911
7616
7130
7120
7027
6642
6697
6933
7110
7431
7995
8152
8133
8575
8579
8763
8686
8195
7763
7336
6990
6822
6492
6297
6322
6488
6619
6958
7341
7878
8509
9318
9872
9889
9603
9167
8327
7273
6759
6063
5510
5250
5207
5302
5663
6337
7319
8432
9171
10438
11501
11823
11411
10448
8991
7463
6172
5062
4114
3613
3681
3794
4119
4758
5614
6960
9475
12280
16025
17617
16680
12924
8643
5581
3858
2867
2154
1898
1694
1784
1916
2230
2768
3773
6313
10514
19049
35660
54786
0
0
0
0
0
0
0
0
0
0
0
0
0
0
0
0
0
0
0
0
0
0
