0
0
0
0
0
0
0
0
0
0
59474
31786
17603
10139
6024
3869
2713
2104
1708
1501
1584
1754
2097
2734
3733
5601
8699
12688
16076
17462
15685
12395
9371
7283
5708
4602
4139
3737
3539
3781
4191
4864
5707
7010
8544
9861
10581
11327
11102
10066
9031
7769
6911
6427
5886
5781
5534
5399
5614
6245
6613
7124
7873
8554
8616
8819
9107
8836
8708
8244
7823
7291
6727
6436
6448
6358
6362
6874
6941
7116
7760
7931
8207
8143
8292
8467
7831
7678
7617
7134
7059
7058
6834
6751
7144
7326
7032
7002
7376
7705
7850
7955
7759
7577
7581
7630
7615
7338
7293
7046
7235
7017
7100
7029
7497
7597
7537
7577
7541
7411
7490
7602
7734
7594
7491
7612
7590
7529
7439
7135
7018
6979
7151
6860
7312
7424
7533
7660
7626
7389
7533
7741
7687
7579
7495
7794
7439
7222
7133
7023
7133
7414
7332
7192
7310
7466
7557
7560
7445
7499
7322
7459
7490
7608
7483
7608
7556
7423
7370
7546
7288
7041
7276
7373
7333
7274
7259
7236
7194
7440
7611
7613
7753
7761
7608
7396
7375
7512
7399
7320
7063
7371
7198
7177
7237
7380
7196
7494
7446
7556
7367
7449
7438
7415
7531
7515
7335
7340
7323
7554
7454
7199
7501
7723
7639
7408
7246
7007
7147
7178
7117
7240
7326
7196
7239
7525
7724
8035
7795
7462
7688
7041
7064
7102
7280
7159
7295
7391
7588
7051
7342
7317
7604
7384
7490
7509
7788
7594
7565
7815
7178
7141
7140
7020
7119
6917
7347
7362
7344
7256
7455
7715
7537
7460
7454
7387
7421
7356
7387
7057
7375
7134
7200
6939
7233
7189
7448
7616
7838
7696
7625
7745
7660
7349
7152
6935
6933
6999
7091
7043
7039
7324
7469
7595
7890
7622
7646
7516
7593
7571
7567
7363
7180
7206
6975
7063
7227
7116
7105
7316
7445
7811
7865
7809
7825
7578
7474
7238
7196
7231
7254
7135
7161
7262
7132
7521
7551
7408
7389
7156
7427
7554
7528
7429
7303
7172
7265
7413
7211
7107
7260
7232
7204
7347
7505
7582
7517
7581
7519
7568
7568
7351
7363
7015
7093
7127
7141
7075
7178
7410
7577
7473
7392
7214
7266
7041
7220
7771
7669
7752
7435
7221
7282
7294
7237
7173
7239
6988
7289
7392
7597
7771
7578
7665
7693
7339
7530
7543
7502
7444
7465
7427
7199
7060
7170
7162
6966
7076
7292
7292
7528
7699
7891
7757
7489
7326
7237
7420
7206
7329
7232
7283
7076
7254
7450
7578
7663
7272
7065
7302
7273
7147
7636
7195
7498
7480
7417
7360
7060
7017
7174
7619
7738
7497
7694
7531
7488
7487
7313
7372
7097
7313
7154
7114
6920
6775
7205
7076
7181
7354
7597
7731
7862
7696
7327
7262
7324
7267
7398
7118
7100
7365
7403
7523
7527
7307
7367
7433
7103
7293
7344
7361
7525
7438
7295
7439
7366
7387
7406
7112
7301
7397
7535
7616
7498
7358
7245
7103
7120
7087
7103
7242
7369
7384
7448
7349
7551
7364
7351
7233
7458
7586
7445
7252
7148
7207
7164
7297
7398
7229
7423
7807
7350
7561
7465
7623
7622
7658
7518
7207
7143
6999
7049
7265
7271
7311
7483
7528
7412
7117
7336
7279
7377
7596
7686
7634
7551
7323
7243
7121
7124
7040
7329
7327
7500
7141
7171
7225
7238
7159
7403
7714
7641
7579
7715
7617
7330
7379
7404
7134
7136
6960
7305
7645
7639
7394
7422
7356
7416
7159
7541
7748
7433
7373
7371
7209
7394
7481
7332
7391
7215
7253
7225
7235
7280
7375
7494
7502
7548
7591
7531
7443
7145
7314
7268
7177
7208
7325
7374
7376
7575
7424
7138
7492
7255
7402
7381
7565
7638
7465
7336
7482
7623
7238
7200
7222
7348
7495
7662
7528
7423
7374
7129
7137
7106
7313
7277
7736
7547
7493
7302
7582
7360
7430
7393
7466
7012
7495
7774
7678
7694
7284
6985
7117
7325
7447
7272
7477
7344
7260
7159
7574
7466
7330
7369
7606
7588
7402
7604
7344
7489
7618
7376
7229
7113
7183
7246
7290
7396
7078
7242
7779
7946
7641
7430
7400
7469
7219
7123
7314
7234
6971
7277
7505
7398
7510
7726
7194
7289
7415
7380
7387
7611
7570
7555
7355
7290
7237
7151
7148
7435
7492
7480
7483
7359
7353
7150
7519
7502
7444
7457
7450
7480
7504
7386
7441
7268
7287
7293
7434
7556
7306
7419
7290
7250
7344
7389
7146
7187
6963
7196
7552
7778
7415
7231
7394
7498
7149
7512
7547
7304
7359
7386
7356
7234
7331
7479
7440
7133
7343
7482
7588
7870
7401
7296
7065
7011
7139
7230
7318
7595
7699
7373
7453
7507
7322
7387
7309
7498
7389
7510
7520
7248
7164
7372
7426
7434
7649
7454
7378
7228
7211
7117
7098
7388
7654
7601
7797
7573
7452
7435
7251
7211
7575
7341
7453
7365
7306
7226
6972
7166
7361
7395
7508
7718
7593
7587
7738
7434
7550
7234
7271
7273
7228
7326
7156
7158
7064
7166
7402
7376
7319
7400
7683
7898
7776
7887
7812
7476
7417
7241
7313
7017
7054
7155
7024
6967
6943
7264
7315
7871
8218
8133
8140
7741
7832
7846
7426
7261
7102
6826
6608
6516
6541
7003
7143
7261
7569
7807
7867
8006
8730
8506
8314
8240
7851
7487
7031
6871
6726
6344
5925
6217
6516
6558
6540
7444
7792
8180
8799
9210
9694
9509
8754
8267
7557
6922
6098
5459
5432
5377
5301
5622
6183
6831
7592
8595
9841
10444
11281
11189
10569
9201
7918
6483
5462
4605
4023
3633
3519
3660
4332
5012
6401
7977
10618
14220
16532
17103
14817
10576
7015
4532
3074
2277
1897
1694
1632
1652
2034
2519
3377
5044
7821
12634
23057
41665
37443
0
0
0
0
0
0
0
0
0
0
0
0
0
0
0
0
0
0
0
0
0
0
