0
0
0
0
0
0
0
0
0
0
62611
31873
17033
9732
5810
3748
2562
2070
1762
1447
1548
1844
2225
2955
4151
6075
8977
13243
16943
17894
15733
12387
9133
6862
5562
4448
3931
3845
3734
3809
4235
4652
5819
7164
8678
10548
11746
11919
11597
10676
9310
8306
7129
6097
5699
5180
5189
5347
5656
5989
6700
7136
8116
9209
9558
9620
9565
9666
8830
8196
7458
6950
6332
6156
6264
6661
6477
6707
7113
7524
7835
8317
8316
8982
8753
8501
8088
7876
7593
7246
7124
7077
7015
7136
7116
7230
7392
7271
7306
7715
7747
7653
8079
8094
8175
7985
7841
7769
7591
7684
7298
7096
7131
7301
7228
7345
7697
7527
7745
7905
7873
7791
7591
7679
7607
7411
7482
7614
7679
7825
7654
7618
7557
7292
7428
7289
7333
7611
7417
7426
7471
7639
7684
7629
7605
7568
7739
7467
7593
7469
7690
7592
7331
7362
7233
7340
7331
7641
7877
7851
7695
7420
7701
7714
7927
7853
7767
7417
7337
7272
7418
7682
7439
7243
7288
7376
7375
7697
7889
7418
7546
7526
7941
7852
7983
7942
7620
7224
7404
7448
7357
7181
7310
7447
7401
7357
7574
7364
7785
7973
7875
7834
7388
7763
7782
7771
7397
7536
7762
7638
7634
7563
7358
7281
7407
7393
7790
7678
7505
7577
7337
7704
7577
7745
7963
7374
7381
7697
7593
7642
7612
7866
7556
7405
7619
7706
7925
7936
7393
7074
6732
6995
7410
7593
7719
7755
7768
7617
7788
7786
7775
7745
7767
7750
7509
7201
7367
7441
7590
7724
7479
7297
7497
7384
7450
7448
7577
7397
7341
8036
7923
8077
7685
7373
7247
7445
7538
7527
7408
7251
7334
7369
7355
7641
7739
7668
7490
7853
7967
7835
7383
7434
7575
7677
7507
7322
7170
7368
7283
7249
7265
7433
7416
7635
7636
7565
7529
7561
7562
7491
6975
7129
7470
7972
7635
7634
7426
7385
7408
7447
7404
7404
7750
7725
7612
7628
7437
7455
7685
7727
7765
7810
7671
7399
7282
7194
7217
7226
7277
7370
7481
7691
7619
7515
7549
7672
7603
7802
7710
7680
7746
7685
7835
7577
7082
7224
7088
7056
7201
7331
7444
7514
7665
7826
7890
7766
7724
7664
7815
7813
7580
7561
7398
7474
7492
7129
7222
7331
7568
7369
7633
7761
7847
7817
7731
7530
7558
7486
7675
7656
7467
7387
7284
7399
7488
7715
7669
7529
7354
7493
7533
7656
7390
7400
7335
7308
7660
7641
7625
7822
8309
7931
7513
7556
7226
7437
7481
7449
7399
7385
7332
7360
7513
7516
7246
7311
7421
7650
7707
7934
7852
7740
7562
7637
7673
7419
7373
7275
7523
7458
7235
7301
7288
7369
7580
7506
7351
7451
7753
7807
7637
7863
7784
7755
7533
7466
7278
7549
7484
7360
7309
7646
7384
7646
7650
7772
7813
7703
7649
7417
7342
7184
7450
7651
7699
7634
7495
7667
7522
7112
7219
7567
7660
7875
7776
7667
7966
7760
7388
7192
7489
7533
7253
7665
7581
7625
7583
7642
7522
7557
7615
7608
7445
7662
7544
7539
7786
7682
7522
7698
7449
7297
7418
7455
7661
7556
7577
7747
7601
7256
7280
7373
7365
7416
7487
7764
7891
7920
7703
7682
7602
7534
7602
7543
7463
7614
7729
7379
7308
7318
7165
7247
7433
7453
7829
7745
7803
7599
7599
7761
7881
7656
7417
7364
7358
7593
7709
7622
7738
7645
7593
7067
6900
7305
7641
7773
7557
7613
7840
7837
7857
7660
7201
7428
7518
7367
7579
7552
7850
7748
7510
7199
7103
7424
7524
7572
7480
7599
7446
7624
7757
7805
7759
7543
7693
7717
7653
7709
7422
7371
7572
7274
7417
7300
7405
7491
7106
7077
7310
7684
7863
8104
8141
8142
7898
7524
7497
7248
7215
7379
7337
7386
7400
7354
7553
7482
7240
7515
7938
7722
7832
7681
7404
7371
7468
7483
7574
7477
7312
7439
7536
7602
7612
7460
7434
7720
7864
7739
7427
7373
7419
7352
7339
7175
7417
7470
7534
7699
7660
7523
7784
7905
7686
7697
7457
7453
7441
7300
7302
7318
7466
7728
7788
7633
7537
7452
7478
7253
7333
7581
7497
7553
7463
7560
7642
7531
7483
7482
7797
7835
7624
7286
7358
7616
7605
7634
7710
7575
7742
7522
7131
7181
7291
7268
7243
7336
7515
7726
7666
8004
7992
7733
7755
7685
7625
7328
7323
6955
7130
7375
7402
7370
7610
7490
7373
7297
7718
7758
7897
7815
7713
7822
7762
7331
7496
7602
7418
7067
7164
7526
7247
7286
7239
7258
7377
7818
8062
7983
7875
7895
7857
7499
7516
7331
7107
7024
6938
7134
7540
7607
7846
7673
7618
7464
7468
7667
7758
7614
7825
7906
7777
7498
7499
7498
7378
7191
7622
7414
7396
7327
7525
7475
7436
7613
7568
7541
7506
7772
7607
7690
7492
7509
7532
7518
7337
7318
7278
7278
7254
7720
7405
7616
7414
7589
7978
7705
7910
7909
7671
7501
7594
7296
7401
7209
7095
7107
7116
7316
7679
7838
8014
7895
7837
7793
7821
7551
7982
7857
7813
7447
7619
7176
7093
6925
7046
6931
7116
7098
7186
7644
8110
8179
8250
8635
8535
8217
7925
7963
7792
7315
7066
6981
6494
6333
6467
6431
6954
7410
7928
8652
8980
9237
9723
9275
9034
8392
7597
6867
6166
5834
5321
5185
5382
5630
6006
7048
7808
9174
10757
11861
12002
11527
10369
8764
7405
5891
4852
3979
3576
3385
3606
3999
4512
5445
6854
9051
12222
16163
18530
17547
13368
8390
5290
3397
2375
1913
1718
1489
1480
1702
2283
2845
4141
6635
10819
19569
36252
53396
0
0
0
0
0
0
0
0
0
0
0
0
0
0
0
0
0
0
0
0
0
0
