0
0
0
0
0
0
0
0
0
0
60622
31800
17456
9931
6020
3603
2488
1950
1673
1537
1685
1908
2344
3064
4144
5849
8907
12959
16480
16855
14847
11790
9395
7199
5552
4576
4011
3944
3745
4014
4546
4959
6051
7223
8537
10052
11014
11355
10848
9825
8920
7955
7050
6463
5819
5612
5416
5393
5564
6209
6767
7488
8206
8594
8850
9067
9145
9019
8526
8094
7623
7256
7010
6709
6335
5961
6496
6557
6935
7309
7577
7247
7411
8160
8305
8468
8325
8177
7967
7884
7292
6832
6856
6984
6813
6510
6763
6925
7400
7397
7518
7813
7603
7712
7907
7783
7884
7746
7428
7109
7100
7184
7184
7254
7310
7262
7187
7148
7292
7487
7518
7831
7871
7837
7711
7471
7769
7552
7203
7146
7138
6925
6994
7121
7017
7222
7420
7539
7820
7734
7831
7823
7434
7381
7705
7306
7299
7370
7109
7088
7480
7214
6992
7013
7265
7308
7277
7577
7737
7657
7720
7384
7864
7746
7580
7375
7191
7156
6919
6989
7404
7330
7478
7409
7361
7434
7612
7722
7734
7869
7930
7378
7281
7446
7322
6986
6771
7179
7289
7029
7046
7316
7405
7438
7450
7327
7777
7963
7787
7339
7352
7313
7373
7336
7087
7242
7178
7060
7349
7449
7552
7476
7588
7722
7525
7376
7396
7198
7013
7253
7245
7323
7463
7567
7508
7432
7452
7597
7600
7514
7466
7529
7566
7421
7421
7104
7160
7283
7257
7214
7490
7642
7502
7308
7292
7563
7575
7406
7169
7084
7442
7481
7512
7522
7295
7349
7521
7353
7408
7409
7706
7514
7438
7429
7198
7301
7168
7179
7107
7301
7306
7313
7623
7692
7825
7538
7473
7396
7350
7485
7579
7279
7220
7239
7509
7399
7438
7390
7562
7205
6965
7105
7155
7338
7541
7758
7576
7275
7461
7659
7585
7158
7140
7067
7025
7083
7517
7590
7647
7244
7401
7467
7657
7936
7438
7289
7186
7061
7145
6918
7210
6894
7119
7396
7432
7763
7596
7462
7391
7561
7531
7738
7621
7317
7614
7397
7211
6990
7069
7234
7019
7120
7170
7471
7199
7635
7692
7281
7302
7601
7539
7736
7572
7317
7173
7207
7142
7311
7417
7514
7111
7275
7478
7471
7459
7514
7406
7354
7266
7211
7216
7233
7313
7208
7479
7420
7348
7308
7369
7304
7481
7388
7368
7562
7397
7195
7432
7538
7407
7025
7166
7398
7300
7225
7501
7378
7356
7477
7383
7224
7052
7072
7382
7147
7404
7506
7560
7485
7348
6958
7211
7117
7316
7383
7195
7514
7667
7569
7836
7546
7679
7371
7343
7199
7226
7110
7141
7088
7056
7288
7319
7454
7470
7370
7449
7734
7403
7524
7329
7324
7114
6986
7031
7015
7164
7218
7475
7648
7364
7636
7550
7483
7444
7681
7679
7402
7557
7544
7305
6966
6999
6752
6925
7243
7316
7251
7326
7739
7602
7426
7277
7749
7574
7719
7698
7585
7558
7348
7073
7145
7111
6947
6917
7236
6864
6987
7196
7459
7463
7339
7354
7716
7619
7395
7674
7357
7269
7434
7447
7266
7352
7172
7169
7063
6960
6800
6876
7144
7605
7916
7778
7919
7719
7586
7385
7113
7162
7139
7197
7672
7365
7370
7302
7198
7214
7171
7175
7273
7393
7661
7891
7631
7643
7394
7219
7171
7088
7275
7319
7343
7598
7381
7204
6894
7223
7530
7425
7123
7492
7760
7740
7402
7455
7560
7837
7551
7475
7437
7300
7191
7205
7197
7107
7220
7225
7174
7457
7438
7410
7575
7737
7366
7309
7568
7369
7325
7206
7211
7232
7105
6991
7216
7526
7235
7356
7327
7262
7319
7419
7650
7402
7370
7666
7622
7318
7388
7360
7222
7123
7340
7362
7286
7639
7352
7160
7150
6929
7238
7470
7733
7478
7513
7536
7817
7462
7424
7177
7023
7243
7235
7315
7114
7169
7383
7606
7478
7275
7256
7299
7474
7224
7649
7588
7786
7577
7597
7352
7118
7152
7213
7227
7382
7120
7124
7104
7210
7278
7432
7366
7452
7706
7887
7821
7453
7316
7147
7203
7253
7276
7193
7294
7567
7473
7475
7436
7554
7547
7291
7383
7122
7535
7402
7270
7220
7165
7505
7598
7457
7212
7084
7158
7241
7459
7331
7381
7535
7424
7456
7336
7325
7459
7238
7186
7380
7152
7371
7554
7361
7047
7123
7170
7321
7442
7833
7420
7400
7560
7565
7298
7024
7039
7253
7314
7678
7303
7716
7290
7332
7305
7187
7367
7408
7485
7513
7527
7337
7032
7210
7360
7153
7330
7459
7401
7421
7429
7293
7354
7274
7251
7423
7163
7477
7747
7695
7556
7485
7588
7299
7549
7512
7558
7458
7325
7204
7498
7384
7372
7684
7530
7350
7185
7230
7490
7176
7071
7101
7295
7255
7300
7680
7647
7691
7746
7605
7515
7232
7373
7149
7002
7036
7095
7162
7504
7493
7471
7501
7567
7599
7800
7790
7886
7532
7569
7231
7051
6928
7089
7133
7371
7268
7440
7386
7456
7468
7499
7519
7778
7759
7722
7431
7414
7436
7170
7258
7163
7107
7042
7437
7604
7174
7356
7663
8036
7832
7770
7456
7385
7513
7261
6973
7198
7238
7231
7231
7238
7087
7508
7316
7210
7279
7473
7754
7720
7882
8070
7920
7887
7823
7585
7339
7051
6750
6814
7008
6854
6951
6924
7213
7440
7617
8077
8220
8144
8371
8145
8088
7626
7211
7166
6704
6574
6617
6817
6549
6444
7041
7343
7575
8303
8898
8919
9009
9171
8456
7853
7278
6963
6388
6098
5779
5504
5565
5886
6181
6744
7478
8389
9535
10534
11253
10958
10121
8954
7689
6318
5557
4875
4449
4168
3927
4075
4638
5110
6359
8091
10215
13452
15783
16322
14278
10551
7144
4925
3570
2721
2174
1860
1891
1915
2076
2535
3410
5154
7586
12722
22453
41126
36992
0
0
0
0
0
0
0
0
0
0
0
0
0
0
0
0
0
0
0
0
0
0
