6976
434
2.616978118667772e+01
1.086628717147836e+02
0 -1
3.315460938657054e+01 8.817226593865621e+00 8.526274236847124e+00
-4.721966506798123e-01 1.748911527402733e-01 1.065112397129718e-01
1 -1
3.504208276745730e+01 1.961768574362236e+01 1.753907706123031e+01
-4.470003528341820e-01 -1.987965086788286e-01 -1.509011842825580e-01
2 -1
2.333502477773863e+01 1.398756733215353e+01 7.893761038577591e+00
-2.781871891757220e-02 -6.455180392447031e-03 -1.360251369250366e-01
3 -1
4.892576428451994e+01 1.116086866707655e+01 1.685904035330252e+00
9.907441079313359e-02 -2.813843267413790e-01 -3.181136796876315e-01
4 -1
3.018408468464276e+01 1.655773240963078e+01 4.464667533797834e+00
-1.086432180389675e-01 -8.835297858748776e-01 6.927272670966245e-01
5 -1
3.219136065034222e+01 1.520488491341785e+01 2.512896120412362e+01
4.369189236086770e-01 4.180612924685532e-01 2.167711629617802e-02
6 6982
1.030975626678667e+02 1.554110030120712e+01 9.319610928437092e-01
7.619513271410341e-01 -1.907146471314149e-01 -1.319553665691986e-01
7 -1
1.075165195913834e+02 1.903364039003176e+01 2.152745787178496e-01
-5.955806742638476e-01 -1.085027617403216e-01 4.623951412336541e-02
8 -1
4.085133291530600e+01 1.206379416590384e+01 1.407403208817976e+01
4.665209989645602e-01 5.424457863040255e-02 -1.192507076859262e-02
9 -1
2.748451772734532e+01 2.161410984957949e+01 1.873500668584686e+01
-3.027961270482360e-02 -3.113303013662901e-01 -1.356671219030501e-01
10 -1
2.814400168790393e+01 7.945123041687140e+00 2.366105811833418e+01
4.089289985268485e-02 2.047295689831578e-01 1.169335117139436e-01
11 -1
2.801174183881511e+01 1.075723230115737e+01 1.665078635934172e+01
5.918348065026919e-01 1.646522101547681e-01 -5.968557595369172e-01
12 -1
2.798292551076523e+01 6.655537766855717e+00 4.569701571609341e+00
-4.380506296257159e-01 2.040154640341968e-01 -5.108154183013101e-01
13 6989
1.885960444860475e+01 2.508318016278097e+01 2.550240527699573e+01
-2.453331143950383e-01 -3.574208416386592e-01 2.517607793420994e-01
14 -1
2.967741962398034e+01 1.434405209203852e+01 1.313200166032221e+01
1.134005759436590e-01 -1.403302871322851e-01 -2.770892392931039e-01
15 -1
2.834665874459992e+01 1.112994156111276e+01 1.885881834024459e+01
3.027683832841092e-01 1.565712192950754e-01 1.175049867355542e-01
16 -1
2.626155560126948e+01 1.566117801347146e+01 1.469707521345534e+01
9.063995245409675e-01 1.584004624102954e-01 5.675429959039908e-01
17 -1
3.320958068313681e+01 1.086050500718006e+01 1.749379377673396e+01
-6.410322543080575e-02 5.600777352034864e-01 -2.521479517559293e-01
18 -1
2.443422201179236e+01 4.653543236142418e+00 1.100647496073315e+01
-7.791848701721142e-01 -7.332620221020036e-02 -1.550511306846454e-01
19 -1
3.228130478771553e+01 1.333786468708388e+01 1.844541419413584e+01
7.911340684842971e-02 -6.225265816817255e-02 1.362911696902843e-01
20 -1
4.585771955328649e+01 7.227141948722362e+00 2.257397328089085e+01
-4.685402701605390e-03 -3.066098981372584e-01 1.500363915209992e-01
21 -1
1.453628036462866e+01 6.087286748954394e+00 2.250798820660340e+01
1.252830774433257e-01 3.572640299266668e-02 -2.413694413870082e-02
22 -1
2.952785592256657e+01 8.771629553267015e+00 1.130044737012831e+01
6.954761067396318e-01 1.462277714710382e-01 -3.315392588752984e-01
23 -1
3.813859865142338e+01 1.627320728498242e+01 1.153043325456660e+01
-4.036217018669974e-01 3.944209288409495e-01 -1.904887162532762e-02
24 -1
1.511354608943491e+01 1.283485295698762e+01 1.600376000492774e+01
-6.446865498772445e-01 6.053619647816122e-01 2.621612835915043e-01
25 -1
2.390879852236390e+01 1.397408675980043e+01 1.773743663838308e+01
-1.742721090358217e-01 -5.334351993676328e-01 8.176675848276073e-01
26 -1
2.313595318713064e+01 4.001579954990918e+00 1.721965096046510e+01
-7.951120231391303e-01 -2.306469864485683e-03 2.547229207051915e-03
27 -1
2.048019327908255e+01 1.297615774722084e+01 1.877533567388176e+01
-6.625221041905026e-02 -1.530741436373820e-01 1.526794406893610e-02
28 -1
1.902536178603965e+01 2.291679650577342e+01 4.274328559119771e+00
-2.488452298687182e-01 -4.258320080917655e-02 3.410587439960210e-01
29 -1
3.381638791098496e+01 1.469299645402476e+01 1.739535824967587e+01
2.997111274131408e-01 1.125760022038777e-01 -3.468435608049915e-01
30 -1
2.438957116140287e+01 2.012974155644183e+01 1.265296018887225e+01
6.557994216847686e-01 -4.567931080738735e-01 3.462536573172034e-01
31 -1
2.615217881885866e+01 1.944769129300565e+01 2.180017229922979e+01
-1.129950329051257e-02 -1.026456273550800e+00 -9.694032605196534e-02
32 -1
6.568010286031593e+00 2.270786771144212e+01 2.276137911044470e+01
-1.425048415003570e-01 6.538166005748763e-02 -2.900052125766633e-01
33 -1
2.443023717831729e+01 1.789254769565506e+01 1.977229686616690e+01
-3.351165815046704e-01 -3.533926522819056e-01 -2.645423373273306e-01
34 -1
8.103360646568768e+01 7.106947864168340e+00 1.037554461382086e+01
-8.315920646476331e-01 -7.277801551355052e-01 1.647305379434069e-01
35 -1
7.315328449531636e+01 1.619839660129471e+00 9.743176185055574e+00
1.253100142964029e-01 4.154475606993403e-01 1.111795586055712e-01
36 -1
4.854094076972802e+00 5.036106392630422e+00 5.146857958981119e+00
-2.181319834092292e-01 4.331014407702360e-01 6.898973420764546e-01
37 -1
1.052864919606013e+02 3.002495750360526e+00 7.492838073266559e+00
-2.660762096057649e-01 3.894814052590985e-01 9.383463330287600e-02
38 -1
1.398027243842038e+01 3.700026867373062e+00 1.853166784280521e+01
6.901478384884963e-01 -5.014140795429265e-01 -4.602174442113194e-03
39 -1
2.415363141778550e+01 2.089836318099069e+01 1.053828296872517e+01
-1.221710477864567e-01 -7.420093745097981e-01 -1.928989232230784e-01
40 -1
2.831962112997599e+01 1.201382144820669e+01 1.298999795333872e+01
1.412916214354737e-01 9.417321191177724e-02 1.407689092872002e-01
41 -1
2.473961438468826e+01 1.309528147873681e+01 1.240268878006352e+01
4.103415603559843e-01 2.281232454287364e-01 -3.343173441619135e-02
42 -1
2.686995460704708e+01 1.546530872989888e+01 5.503031143697647e+00
3.532613208261073e-01 1.133914131488770e-01 -7.655833974254581e-02
43 -1
2.393015759617295e+01 2.355820502591271e-01 2.642526665734127e+00
3.723738038428909e-02 5.836350561660736e-01 2.188652501933215e-01
44 -1
1.574287935062477e+01 1.744834933636918e+00 6.819902293970811e+00
-5.260870670936016e-01 5.062210755709088e-02 3.822957551216590e-01
45 -1
3.096879779617508e+01 1.113619337933216e+01 2.069883537765651e+01
-3.271158716228103e-01 2.264131869892063e-01 1.946313428769747e-02
46 -1
1.946958810606733e+01 1.149951780629178e+01 2.108061404060788e+00
-4.687671109868359e-01 8.403005034410216e-02 -1.257155280108213e-01
47 -1
3.396859003268018e+01 1.757748432401906e+01 2.283053629147284e+01
3.087385012043762e-01 -1.913185668822174e-01 2.094923589238107e-01
48 -1
2.040251875943081e+01 5.411648196685705e+00 1.011902906099434e+01
-3.419883768099334e-01 3.579183338884393e-01 1.712411745186285e-01
49 -1
5.526437783681488e+01 7.050048543363220e+00 1.496339306625049e+01
-2.407336235816805e-01 -4.348339684549469e-01 -7.752921634052612e-03
50 -1
6.598290579019958e+01 1.207992837984112e+01 2.477288897681319e+01
2.533040194380438e-01 -5.817338728655366e-01 -5.013544206431038e-01
51 7027
3.559611891646767e+01 9.077086259591840e-01 2.120073349730030e+01
1.347787552492608e-01 -6.684926051665691e-01 -9.534783046436446e-02
52 -1
1.509356068571180e+01 4.179944160974580e+00 1.311805678828898e+01
-3.488042661152246e-01 6.263722234162855e-03 -3.232037043180179e-01
53 -1
1.922405960088485e+01 6.461208643866164e+00 2.325174485078972e+01
-6.385929751275525e-01 3.451552906317878e-01 -3.031214145980371e-03
54 -1
1.835259440942783e+01 1.334396115812425e+01 1.430263436499868e+01
-9.646282196392178e-02 -1.435228615736115e-01 -5.915153750235443e-01
55 -1
2.430907680877336e+01 2.306473178741179e+01 1.067702353130882e+01
1.696933055637969e-01 3.759722818167033e-01 2.876983784701810e-01
56 -1
7.035668508083416e+00 1.811057582596628e+01 1.772869287708545e+00
-1.404180915270868e-01 1.698364907244266e-01 5.425484441929160e-01
57 -1
3.110175197450614e+01 9.766893885739389e+00 8.483556338655701e+00
9.639489498573200e-02 -2.600881770991998e-01 -9.099578622447622e-02
58 -1
4.933181228064459e+01 2.334162445126042e+01 2.011620631910920e+01
1.156492632410763e-01 7.263285880590084e-02 4.504636869284157e-01
59 -1
4.765315153490234e+01 5.702733652400082e+00 4.785662136849523e-01
-7.919291412665509e-01 -1.584591868715021e-01 1.661267621621210e-01
60 -1
2.651810147810022e+01 1.220965151538993e+01 1.143988397653278e+01
-3.280855239385915e-01 -6.316630734155688e-01 5.737580922377654e-01
61 -1
3.042286046782437e+01 4.055523594922000e+00 2.477912543913163e+01
5.818178756724316e-01 -2.296654476456270e-01 1.081603992855079e-01
62 -1
1.037390093410200e+00 3.747438046133182e+00 1.013004100056459e+01
3.054275950260218e-01 -1.062798082086899e-01 3.463461561832480e-01
63 -1
5.156018428719859e+01 2.437623066973437e+01 3.972003296617151e+00
-9.997356465215129e-02 3.775593306089063e-01 -2.087960900418819e-01
64 -1
1.763811675377249e+00 4.315110284955562e+00 1.146182575534287e+00
-7.176019411181989e-01 -1.710308699024686e-01 1.279359849674976e-01
65 -1
1.454648188486867e+01 8.919045954916738e+00 1.939556497133978e+01
3.625693958785824e-01 -4.370622871816269e-01 4.634863012936379e-02
66 -1
3.886163345708128e+01 7.611299752713229e+00 1.785025449328951e+01
1.369005354774152e-01 2.984813422236865e-01 -5.141991738194931e-01
67 -1
6.636212585912355e+01 7.891037953199644e+00 2.489104215334842e+01
-3.463180726155423e-01 1.497746599846824e-01 -3.033370467801302e-01
68 -1
2.532506338569046e+01 1.284940366190623e+01 2.146501898439904e+01
-2.859419862400602e-01 1.591482640091965e-02 -2.606235984853205e-01
69 -1
3.113025345116711e+01 1.676323631507707e+01 1.149218526255653e+01
-5.567358541491456e-01 9.308395854426033e-01 2.705664438067069e-01
70 7046
1.487336755325068e+01 1.741147647279244e+00 7.891649876113779e-02
2.249651773552171e-01 1.040536011461777e-01 -3.299510610041198e-01
71 -1
2.367322089870873e+01 1.832995245229989e+00 2.212872217485700e+01
7.536104191223325e-02 6.696527205807806e-02 -2.624818539415984e-01
72 -1
2.236969609804132e+01 2.425980141848030e+01 8.541707725053248e+00
-5.486670438642697e-01 -7.934566013873025e-01 -2.819871141816350e-01
73 -1
1.470677398036633e+01 1.301926684617163e+01 3.552193604871347e+00
2.478660083985365e-01 -8.767328866828267e-02 7.046683270233284e-02
74 7050
9.652333380263899e+01 2.333129214903867e+01 2.615955324879859e+01
-3.794407082683468e-01 2.959435038919305e-01 1.793326587727035e-01
75 -1
2.548845927976767e+01 7.439412583122020e+00 1.803323318847485e+01
-4.398020633064512e-01 -1.161400583990984e-01 -4.185288980101799e-01
76 -1
2.572464762642893e+01 2.550095665167408e+01 2.544525303290547e+00
-5.095649189421053e-01 -3.384969758530420e-01 -2.920680562109976e-02
77 -1
4.924115701191929e+01 2.391917314747979e+01 1.239200354918241e+00
-4.187108245849361e-01 -7.205711065995475e-01 -4.156133723089650e-01
78 -1
1.001018194979301e+02 1.587645186346289e+00 1.707429757652464e+01
4.034811232508873e-01 9.936597353705047e-02 3.837158368772743e-01
79 -1
2.720139382757700e+01 2.234690247983390e+01 3.089827142297779e+00
-1.166937665807256e+00 6.976653748257772e-01 1.789896441195222e-01
80 -1
2.576842559348674e+01 1.935759167569097e+01 6.368272132106081e+00
-1.134745925369926e+00 -4.748965285996732e-01 7.308231919545509e-01
81 -1
2.118297020651829e+01 1.485201399330046e+01 1.913366333924422e+01
-4.625022044806192e-02 5.406242816780192e-02 1.263580886535793e-01
82 -1
1.053293746578495e+02 2.030890129754811e+01 2.158740040305027e+01
-5.913996199821436e-01 -5.957572695156566e-01 5.108157938639629e-01
83 -1
2.071436606324436e+01 7.450968217715234e+00 2.478556855181865e+01
1.033369020410339e-01 1.336169885199158e-02 -3.013574097942202e-01
84 -1
3.662281950772417e+01 1.310503621379437e+01 8.410364079942095e+00
3.416393061352686e-02 -2.734153517253849e-01 2.218428891621271e-01
85 -1
1.724817257526507e+01 3.404259534840936e+00 2.126843235129763e+01
3.500592311785946e-01 1.035026738314779e-01 9.464131342145837e-02
86 -1
2.847540780124593e+01 4.626307718792176e+00 9.568901036480501e+00
3.861623003640502e-01 -3.783087606322830e-01 -9.710783102631199e-02
87 -1
2.643207805889065e+01 4.797549890708023e+00 2.316251571346813e+01
3.851108325322994e-02 5.117177839153652e-01 8.178325311026687e-01
88 -1
5.532664496903564e+00 7.790585484556948e+00 9.821578185266805e+00
-3.699793409753427e-01 -2.096653135740433e-01 -6.331446035123273e-01
89 -1
3.025546342351980e+01 9.112599293566428e+00 1.641931697847834e+01
4.019398582967926e-02 4.381294288963870e-01 4.968935332344588e-01
90 -1
1.998993082362643e+01 9.334714265071568e+00 7.622000450768810e+00
-5.683372227734058e-01 1.315517683765350e-01 2.453540966974175e-01
91 7067
2.933702386811861e+01 1.578917058174461e+00 2.562430116525662e+01
5.914287993637772e-02 -1.879119455356306e-01 1.590458869714417e-01
92 7068
3.554029308462374e+01 2.060618297226215e+01 4.086867101611674e-01
-3.140206888589309e-02 3.357103287948583e-01 -6.412127870163506e-02
93 -1
9.214073154406746e+01 2.282563521060955e+00 1.415459410572366e+01
1.036223391300209e-01 -1.377974239777400e-01 1.176120697556349e-01
94 -1
8.300134092407056e+00 2.483671288409684e+01 1.217368315377617e+01
2.434269190333758e-01 -5.727233645776049e-01 -2.867620673031491e-01
95 -1
2.628496815293071e+01 2.314964952824119e+01 2.419859743276108e+01
4.687056474850688e-02 1.067299447390586e-01 -2.827659349967263e-01
96 -1
7.777698873801755e+01 1.935059582583498e+00 1.488148942239097e+01
-3.881100807147558e-02 6.645810921752596e-04 -7.193267230750577e-02
97 -1
5.474285778713352e+01 7.757045281764236e+00 1.313662142499707e+01
-1.880878974603579e-01 -3.031760200518004e-01 -4.270265224147702e-01
98 -1
9.024959303320678e+00 6.675818852355460e+00 1.530426999600360e+01
-3.556156623020347e-01 1.123906814110387e-02 4.928617268216822e-01
99 -1
9.190034449720346e+01 2.347386394739787e+01 8.664890522326203e+00
-1.604424802045298e-01 5.354164519306088e-01 -4.062527607933732e-01
100 -1
5.095604112753938e+01 2.301166105581131e+01 7.630858153321696e+00
4.603844765110360e-03 -3.584488332854254e-01 5.383234909307294e-02
101 -1
2.933516694636903e+01 2.407316408455001e+00 2.094607247750827e+01
4.880801875758039e-01 4.002251024840980e-02 -2.539929935382533e-02
102 -1
2.476911318896011e+01 1.491867458423032e+01 1.585834258016390e+01
-7.286556979274473e-01 -1.709543090444063e-01 -1.751991048566935e-01
103 -1
3.808600477915011e+01 4.058250053408242e+00 1.635386711920203e+01
-1.677985805656447e-01 -5.738059291994246e-01 6.242399344535994e-01
104 7080
9.150685866761833e+01 2.594534153048478e+01 1.946397276597355e+01
-3.782887975452132e-01 5.636478061878336e-02 2.563090946337953e-01
105 -1
1.036718323430782e+02 5.980220001709748e+00 1.812359597871561e+01
2.394778354136907e-01 3.158250596800513e-01 4.014853707802100e-01
106 -1
1.420305285663083e+01 1.216971384158416e+01 9.573540250108447e+00
2.524793381272763e-01 -2.221329395945600e-01 3.675062660799013e-01
107 -1
4.646480397068657e+01 2.546641418587311e+01 1.864298203126966e+00
-3.183353472993337e-01 -1.246566919282318e-01 4.179180151274421e-01
108 -1
6.958437366671092e+01 1.303606302853833e+01 2.250296073969876e+01
2.640323123249673e-02 3.464391856135183e-01 -1.734950284047188e-01
109 -1
9.207902330555758e+01 1.959357385280749e+01 1.542962060942813e+00
-3.371854769911675e-01 7.493543561399189e-01 -4.968617762432358e-01
110 -1
6.919287094354350e+01 1.920385376280512e+01 2.482487339847383e+00
3.453692723986445e-01 6.378001010531499e-01 -3.154986472647108e-01
111 -1
6.814095372400395e+01 1.678110357679910e+01 3.350767571151247e+00
-3.392446493331897e-02 -1.336140403737634e-01 -1.735667079469693e-01
112 -1
2.553854583657409e+01 8.757077348896338e+00 1.435430780384014e+01
5.185272858740659e-01 -6.642175049432092e-02 -4.890427713771009e-01
113 -1
3.648223461440983e+01 1.201390202595103e+01 1.049642862162998e+01
-5.302554543430242e-01 3.829987727754791e-01 5.673157302474960e-01
114 -1
2.503709699939616e+01 1.649072265264791e+01 9.639222711101077e+00
-1.914856577479237e-01 -5.600739287591818e-01 -4.546281306115859e-01
115 -1
2.380403872482540e+01 1.923480404748670e+01 1.457368405345940e+01
-1.987496735540082e-01 -2.180284860062715e-01 -1.215559688736508e-01
116 -1
3.134574057746824e+01 1.212879654436705e+01 3.058679878401238e+00
3.944328462774911e-01 -5.251001138600666e-01 -1.491301754492146e-01
117 -1
3.233479966306005e+01 1.841482253013135e+01 2.119513083878524e+01
5.840071694595943e-01 -2.096508652607891e-01 -2.004266650058484e-03
118 -1
6.963911622149749e+01 2.306660503009475e+01 5.387794301560237e+00
3.994609122473258e-01 -2.161305909474507e-01 -1.978126035791469e-01
119 -1
5.593480252732652e+01 1.990207960152156e+01 1.212007487849505e+00
-9.625608126092849e-02 -3.685606954905216e-01 2.253658612028847e-01
120 -1
2.945852219724345e+01 1.786428198600795e+01 1.214252536860662e+01
-1.042079063708057e-01 2.656362318128679e-01 1.238307932805102e-01
121 -1
2.249302690941225e+01 1.070819649958565e+01 2.438799140013968e+01
-4.382458317244714e-02 5.948086604346522e-03 1.324617348196124e-01
122 -1
5.923177463538028e+01 2.422406032746564e+01 2.180883808085520e+01
-5.855976093863311e-02 -2.248811208352281e-01 7.819973245668956e-01
123 -1
9.718554337813971e+01 9.710070434715449e-01 7.955341815714240e+00
1.485918011292616e-01 6.698904972122530e-01 -2.225386286052662e-01
124 -1
4.767728430873051e+01 3.565486652453184e+00 1.510696723451487e+01
-2.411807202006928e-01 5.129858369734743e-01 -8.611534790416338e-01
125 -1
1.550846376605860e+01 2.845434434893466e+00 8.783491051463132e+00
-7.351526680998034e-01 -1.980496027364207e-01 4.627611065926616e-01
126 -1
3.144180864675063e+01 8.832474293398286e+00 1.248777317257201e+01
-2.983190442609318e-01 3.895151310893197e-01 9.126246873201319e-02
127 -1
2.175962969210369e+01 8.348825430427400e+00 2.220336914574634e+01
2.610910129388966e-02 -4.304987484791969e-01 -3.853318062206836e-01
128 -1
1.554307509783188e+01 1.954216493197027e+00 3.557355590230566e+00
-2.869265295076681e-01 5.067608155573780e-01 -2.798444675447696e-01
129 -1
2.083754357567698e+01 1.501268093465279e+01 1.498181357259694e+01
-1.976067277576939e-01 -1.821658039887637e-01 -3.512477182773361e-01
130 -1
2.832441191577551e+01 5.449593422276263e+00 6.198107676985137e+00
-4.997130866942548e-02 -5.387602691933213e-01 8.088467836299884e-02
131 -1
2.786119727758032e+01 7.183671252110347e+00 9.073872560742197e+00
-1.165430546909021e-01 7.810277927553032e-01 -1.916943998998858e-01
132 -1
3.042705277182955e+01 2.219254357054091e+01 1.683937892596541e+01
3.495604969119912e-01 3.107946376780467e-01 4.590148221001593e-02
133 -1
2.604935390800416e+01 4.954805796931049e+00 1.571455793070207e+00
-3.452925446149036e-01 1.204974003180426e-03 -1.742409904301835e-01
134 -1
2.455735421578830e+01 9.128863397745624e+00 1.230820155786391e+01
-1.344967619776316e-05 -4.877194176131659e-01 3.309544250262196e-01
135 7111
5.291824218667140e+01 6.373993437211524e-01 1.288697678204633e+01
7.224839478408257e-01 -1.980645923416028e-01 3.836326875375454e-01
136 -1
2.664116548261616e+01 1.009656996580027e+01 3.579704032996315e+00
6.436638879280354e-02 -2.546237121844368e-01 6.525834657574439e-01
137 -1
2.394984158753118e+01 1.866180814011261e+01 2.289310378189368e+01
-7.004198248733026e-02 -2.227012339197305e-01 2.981602406374728e-01
138 -1
3.473196594893413e+01 9.927883632289362e+00 1.619881186678131e+01
-2.482480727567919e-01 -1.382388353738623e-01 -3.032903719850509e-01
139 -1
1.900055647298138e+01 1.046016334169483e+01 2.330916361871111e+01
-3.313988270910545e-01 3.129519452183089e-01 8.551889610406516e-01
140 -1
2.839036317855888e+01 1.470749285907419e+01 1.490021859245268e+01
4.286218572020688e-01 7.604294153889146e-02 -7.257971816900410e-03
141 -1
3.426413104772856e+01 1.682130523318866e+01 1.845686517523000e+01
2.828911613616447e-01 -4.283556502354322e-01 -4.309254919932472e-01
142 -1
2.760838949012617e+01 2.197621072539210e+00 5.434939832730051e+00
1.767676915917450e-01 -2.999649325076435e-01 2.406780726768774e-01
143 -1
2.945503682529830e+01 2.007751671225934e+01 1.661148503377921e+01
-4.561844289356016e-01 -1.873818151093054e-01 1.578112841125641e-01
144 -1
6.506025519482804e+01 2.252561337030664e+01 1.276722637476166e+01
-1.593704680602410e-01 2.586222529756498e-01 1.951985780295218e-01
145 -1
2.457392449942369e+01 1.459532261397882e+01 2.477720354573836e+01
-6.217025244522949e-01 7.745866132195673e-01 2.896127603947878e-01
146 -1
2.388597938944195e+01 1.673314469789668e+01 1.215562688733395e+01
-3.355653011010202e-01 3.614430177552895e-01 6.474525098050325e-02
147 -1
2.985698267461242e+01 1.822830079634480e+01 1.524094927586766e+01
-2.553788632656047e-01 1.457838291993934e-01 6.329265962688773e-01
148 -1
7.399136438000558e+01 2.051905210950089e+00 1.710335310464667e+01
-1.192090685802042e-01 -2.611713719138983e-01 -8.168976880346518e-02
149 7125
5.190829339999036e+01 2.380995860700696e+01 8.241140857325212e-01
-1.131749984434574e-01 2.014845856701574e-01 -1.882379351940580e-01
150 -1
2.778156751805101e+01 9.100726509502035e+00 5.614359719855811e+00
-6.215485847608431e-01 2.442592420346246e-01 -3.275648543444908e-01
151 -1
6.270166732226120e+01 2.496309283950970e+01 1.098549246039024e+01
8.618800353026246e-02 -2.086581437425571e-01 -2.371023413834785e-01
152 -1
2.345403206951431e+01 2.387247352347182e+01 2.130898791752828e+00
3.209559618431543e-01 2.209184732839601e-01 -9.107532775081585e-01
153 -1
2.236372639116244e+01 2.341069644880895e+01 2.408635898331606e+01
1.828679861533108e-02 -1.906581281140065e-01 -2.770602216020136e-01
154 -1
4.288994592594887e+01 3.361698229789897e-01 1.905424194514823e+01
2.827856946234405e-01 3.936386983444115e-01 8.403123480398433e-02
155 -1
1.881048542692466e+01 8.019290636835468e+00 2.510174697546239e+01
-1.922474061315391e-01 3.675279523513972e-01 -7.818021956429819e-03
156 -1
2.222502342358300e+01 9.223306669928981e+00 7.196251242243227e+00
3.334370041700920e-01 5.675246262690725e-01 -2.990709352659514e-01
157 -1
4.489540410125220e+01 2.429551207829589e+01 1.365538841841589e+01
-3.425534380656065e-01 3.523251722998991e-01 -4.324365270675272e-01
158 -1
2.628589317974559e+01 7.810653260722247e+00 1.617354402789778e+01
4.100099676305475e-01 -2.707659093237984e-01 -1.910659578310275e-01
159 -1
2.466500030206385e+01 1.909957800832066e+01 1.781210973291391e+01
-1.156236462190507e-01 -4.103487295486847e-01 -2.425940604275033e-01
160 -1
3.126144264166881e+01 1.113917680362447e+01 1.102377980605625e+01
1.034570723423406e+00 -4.930364740983364e-01 4.142084584052911e-01
161 -1
2.842886876768667e+01 1.296094635746132e+01 1.598069604917354e+01
1.835282100169683e-01 -3.651278743317281e-01 -1.289378695472720e-02
162 -1
2.504606566125900e+01 1.521477599032018e+00 1.501107403996872e+01
9.069221058813026e-02 -1.522050117590548e-01 -1.154847168009811e-01
163 -1
2.099543831550470e+01 1.026302116367486e+01 5.036011183300175e+00
6.239409006237226e-01 5.612215801146687e-01 -3.039626362767422e-01
164 -1
2.318373510277876e+01 1.147397509915120e+01 8.890536864093752e+00
1.835564756349147e-01 -6.696455717539591e-02 3.698118373922126e-01
165 -1
2.644841204691254e+01 9.294986685738616e+00 1.927187821837704e+01
1.088337247422828e-02 -1.091253662312679e-01 3.169678416774022e-01
166 -1
3.241830785240818e+01 2.364346169240627e+00 3.760791055206775e+00
-1.062923502903390e+00 4.911873790423321e-01 -8.060516070924073e-02
167 -1
1.657263702595059e+01 9.538948177477499e+00 1.842360802784321e+01
-1.941850774339360e-01 -3.318502411495929e-01 -2.743759878785043e-02
168 -1
2.604507604624264e+01 1.183606688879711e+01 2.343970100457583e+01
3.830948930736036e-01 -5.065518270590226e-01 2.751636145127593e-01
169 -1
3.700455904529625e+01 2.066311384323693e+01 1.714123239333827e+01
-4.073561856084821e-01 4.636546175937912e-01 2.412051663380576e-01
170 -1
2.928402596389694e+01 6.062976432382410e+00 8.203314052168588e+00
1.791698584992891e-01 -5.289666274740070e-01 2.452339242541001e-01
171 -1
2.546998913615515e+01 4.985679266071804e+00 1.336287144902819e+01
-3.007083864695569e-01 -2.547209590380545e-03 -8.043096991669496e-03
172 -1
1.836607014360766e+01 4.321160961072721e+00 9.510568068680476e+00
-3.927777112660398e-01 -1.894926028176011e-01 8.627770079363479e-01
173 -1
2.170495263275684e+01 1.271614517658377e+00 1.713574028192488e+01
-3.791640288581941e-01 -4.182814063057616e-02 7.118319866252015e-01
174 -1
2.308269871843625e+01 1.875103131339079e+01 1.200814611508666e+01
-2.467882017058512e-01 4.163517783809421e-01 3.013387873759654e-03
175 -1
3.955233521838354e+01 1.499401112110405e+01 1.248116131452184e+01
6.880630745101037e-01 9.275728549378037e-02 -8.618892442061296e-01
176 -1
2.747459077979561e+01 1.467041397573653e+01 1.308014398399267e+01
-2.891666479958013e-01 2.367080870731786e-01 -2.172949517425427e-01
177 -1
3.752585913250627e+01 1.476100742336580e+01 2.262480321984824e+01
-1.456758128325050e-01 -1.742801846514694e-01 -1.864591895493160e-01
178 -1
1.700027528680504e+01 5.759074522223957e+00 3.667574931902377e+00
-9.372412924010096e-01 1.523670795182333e-01 4.682304504181931e-02
179 -1
2.718134346145622e+01 1.146824085029906e+01 2.549433116335020e+01
3.496909070307028e-02 -1.447558550184840e-01 -1.323081530718364e-01
180 -1
2.376590379948374e+01 2.173356819145718e+01 2.428653266833337e+00
-2.963697166217688e-01 -2.440911560938113e-01 5.664961606756062e-01
181 -1
3.275933470752827e+01 1.317935172246692e+01 2.118168888912753e+01
3.400111430764435e-01 -2.894694342053035e-01 1.335962935222619e-01
182 -1
6.573568901121513e+01 6.011055782332947e-01 1.300703077548619e+01
-3.461415215397934e-02 2.525469631521288e-01 3.539527892919453e-01
183 -1
2.725507431632679e+01 3.724097226440031e+00 1.807077112673695e+01
-4.510387192605153e-01 -2.048985650644667e-01 1.116235837821661e-01
184 -1
2.185966956675706e+01 1.039426695560377e+01 1.150979891652460e+00
-5.539113112093301e-01 -1.197187122207783e-01 4.960746985822393e-01
185 -1
3.173288920028187e+01 8.808448066798785e+00 2.212834095745598e+01
1.614251728014420e-01 1.327065023148042e-01 -1.023263612203111e-01
186 -1
1.827596143101631e+01 2.221409679136909e+00 1.221520997901593e+01
-9.431278612118552e-01 -1.672458207467842e-01 1.641144955068417e-01
187 -1
2.174043492366220e+01 5.537290959680497e+00 1.757909572993391e+01
1.430097011705121e-01 -2.563947198030901e-01 3.642801528960763e-01
188 7164
1.187146669714609e+01 2.518077446051264e+01 2.018216495521070e+01
-5.065267324037477e-01 1.170798853799230e-01 -5.702431897352461e-02
189 -1
3.419525529809109e+01 1.615480928718502e+01 5.982426349820551e+00
-4.323914639593716e-01 -5.128304175411549e-01 -4.451813415578931e-01
190 -1
4.518868877132761e+01 4.494863015516752e+00 7.520740938484137e+00
-4.838966507875289e-02 -1.686827277581010e-01 2.394919848564542e-01
191 -1
2.388308840210631e+01 8.248924282780900e+00 2.269419850037624e+01
-3.058092350922177e-01 4.083181499683421e-01 1.535366013422360e-01
192 -1
2.273194540863711e+01 1.598787767756783e+01 1.416132120993450e+01
-2.217990223881042e-01 -3.062847234497647e-01 -5.320174505774948e-02
193 -1
2.815298624920228e+01 1.901572694446450e+01 2.173943704189898e+01
-3.762913148320764e-02 1.405719681516551e-01 1.724526869128351e-02
194 -1
1.046606741017119e+02 2.358534870670844e+01 2.071279994588963e+01
1.137389295823350e-01 2.678265961396449e-01 2.304520577194052e-02
195 7171
9.575692091489657e+01 1.336614697219006e+01 6.390961262513690e-01
-4.448106775317385e-01 -4.770673069825814e-01 -1.409764851705119e-01
196 -1
2.793547339417677e+01 1.709463075901678e+01 1.883863001865345e+01
1.505470132069586e-03 3.538081737106110e-01 -7.155992884565898e-02
197 -1
2.627676857797142e+01 9.654632462791746e+00 1.725246416831355e+01
5.728930844381607e-01 1.566295287747617e-01 -3.934564704542656e-01
198 -1
2.860971285383782e+01 1.813275520788746e+00 1.556693471253797e+00
-8.758321372511293e-01 2.302092217095593e-01 -3.669829281976751e-01
199 -1
2.578761957475928e+01 2.171356172100328e+01 2.228764069432988e+01
-6.828163244966873e-01 -1.946405452166337e-01 -1.834064380778834e-01
200 -1
3.995279011747164e+01 1.268390574033005e+01 7.087780114763801e+00
-6.571160851668931e-01 -1.175749768590191e-01 1.132040353337178e-01
201 -1
2.297354541006949e+01 2.608100654645306e+01 1.859982528891626e+01
-2.251359937100961e-01 -2.903903512220263e-02 -6.073649682526702e-01
202 -1
3.437837189900669e+01 1.020322839643948e+01 6.372647748840863e+00
-6.634669987895899e-01 1.467520785502724e-01 -2.509245741094053e-01
203 -1
2.582744181802533e+01 5.603472549174415e+00 1.722708005622527e+01
5.750496611949490e-01 -1.286298206948527e-01 3.556679458115845e-01
204 -1
2.611849756672227e+01 1.661857649103446e+01 7.669662565075065e-01
-1.304916992114582e-01 -4.012318963470585e-02 3.654106574544632e-01
205 -1
2.633581673955993e+01 2.480328708437007e+01 2.037008954397976e+01
3.242450169923625e-01 4.132621226959510e-01 4.362292225076563e-01
206 -1
2.733029242191791e+01 4.654162768670701e+00 4.645774361733993e+00
1.014598387164494e-01 5.342229061419767e-01 1.590040385511195e-01
207 -1
3.408508887694283e+01 5.762934677829793e+00 1.785850492297643e+01
-1.292744645314756e+00 1.202835587305622e-01 2.846837019681532e-01
208 -1
3.072627420663978e+01 1.888299428942355e+01 1.062887950075737e+01
1.317715660997548e+00 6.107428279055505e-01 2.676862665670465e-02
209 -1
3.650871715432088e+01 2.350085737766256e+01 1.284348838455685e+01
-7.701327356513954e-02 6.383600600965561e-02 2.793180098837530e-01
210 -1
2.738591777254714e+01 8.793766510349157e-02 1.205166857325270e+01
-2.678916774730786e-01 1.480699395773737e-01 -6.315534430545119e-01
211 -1
2.351605301401768e+01 7.877967566118914e+00 1.377392685209342e+01
-5.997525083984020e-01 2.584428207102555e-01 -2.883260387905662e-01
212 -1
2.048975264054188e+01 2.063919918112969e+01 7.818576238425032e+00
7.493852546672253e-02 1.803790436227817e-01 -3.903980317281042e-02
213 -1
2.255287908591828e+01 1.983745914627292e+01 2.395573847486601e+01
9.670297329408103e-02 2.850596189176347e-01 4.380876600278292e-01
214 -1
8.861667271832880e+01 7.674345698293511e+00 2.346395120911108e+01
-2.342917987748322e-01 5.689794964132915e-01 -1.469619001229920e-01
215 -1
1.030403215471947e+02 4.520227051308149e+00 1.165760829608518e+01
-5.910709390211322e-03 1.348091333748975e-01 3.970382318701404e-02
216 -1
2.826559591321197e+01 1.790915342811138e+01 8.474428690584961e+00
1.497876510935691e-01 6.969032699952898e-02 -2.103552151707153e-01
217 -1
5.905742334597279e+01 2.377859833274967e+01 1.416274634629361e+01
-7.017253788029761e-01 2.227212041139158e-01 -5.120798412953780e-01
218 -1
3.565632918720644e+01 1.156257765151638e+01 1.827963750662046e+01
7.258130777056687e-02 -2.061571069160306e-01 -1.542570328596414e-01
219 -1
2.791227981898273e+01 1.869590633548103e+01 1.110008763578539e+01
1.901205554883473e-01 2.960386949380586e-01 -1.067739337951941e-01
220 -1
2.602131435676609e+01 7.158657302484596e+00 1.268303600056966e+01
1.039629177623400e-01 -2.512726631798703e-01 -6.342304807184768e-01
221 -1
3.392637603385531e+01 1.656857899470239e+01 2.110014565244340e+01
-2.682000921910751e-01 -4.633795304608256e-01 -1.004379335643674e-01
222 -1
1.305619919382555e+01 4.771933967088892e+00 6.061242004611901e+00
-3.708894491343384e-01 -1.485865284881810e-01 3.005763967018932e-02
223 -1
1.854886459376454e+01 5.133844819867667e+00 2.004472651223687e+01
2.683739500095008e-01 -3.520884996142521e-01 5.366728097346929e-01
224 -1
1.705736359163134e+01 2.181615214475983e+01 5.542597491364484e+00
-4.589869033060264e-01 -6.339117915499852e-01 -4.020705494913693e-02
225 -1
3.046262761350275e+01 1.579105507665739e+01 1.587323043175819e+01
-3.561825740496000e-02 -8.332517580123477e-02 6.351360198831058e-01
226 -1
1.990138358846831e+01 7.658051886225327e+00 9.374077099970602e+00
-1.325799541734184e-01 -2.517144482091666e-01 2.162102460050561e-01
227 -1
1.736504768712103e+01 1.249811679970317e+01 2.419473629327726e+01
-5.264652965920290e-03 -3.130041587208772e-01 -4.511912721326833e-01
228 7204
6.687439428022023e+01 5.397545143587828e+00 8.346202483889438e-01
-3.735330412397390e-01 -4.679443377167203e-01 -1.586000346409391e-02
229 -1
1.824307416199823e+01 1.963885938388430e+01 1.090609687901634e+01
1.785335822049021e-01 -4.051464011168153e-02 3.386254362735774e-02
230 -1
2.944610907460049e+01 7.509834948374066e+00 5.746771546647912e+00
2.671225810412003e-02 3.959647695382809e-01 3.778147744729044e-01
231 -1
1.073220460161061e+02 1.203488091706919e+01 1.466710311645769e+00
4.899180337143802e-01 2.016063651623506e-01 -7.225992979467827e-03
232 -1
2.558340093276982e+01 1.699425225155986e+01 3.583968843992517e+00
-1.945248672858985e-01 4.413580508241987e-01 -4.987831378581607e-02
233 -1
2.655258419546913e+01 2.033021272804847e+01 4.847044495242657e-01
4.481063477672731e-01 -1.279280935106476e-01 6.391458706825959e-02
234 -1
6.623491752997941e+00 8.222023297503675e+00 2.444624740485661e+00
-1.096238605409449e-01 -3.939836502189431e-01 2.204623198579455e-01
235 -1
2.718531191751451e+01 2.726559247765499e+00 2.142769620086213e+01
-4.806748733966026e-03 -7.393894642315790e-01 1.357583515940659e-01
236 -1
2.872732045546578e+01 2.312953180984329e+01 1.525107096969560e+01
1.539901328046858e-01 -2.727489114098696e-01 3.224850968960955e-01
237 -1
7.495879285427399e+01 2.162575198099148e+01 1.264003079565683e+01
-4.812115085006513e-02 -1.755629364065864e-01 -4.131446225081062e-02
238 -1
3.215732394405469e+01 7.879212444554427e+00 1.807072389780769e+01
-3.550961729998334e-01 -2.570758739491725e-01 3.620180144567620e-02
239 -1
2.497193655559881e+01 2.388467176918257e+01 2.566349635069025e+01
-3.928318969652086e-01 3.390929977885056e-01 -7.961234616596269e-01
240 -1
2.804269186316612e+01 1.821858566436413e+01 2.369601398143621e+01
-1.019648058924793e-01 -1.101507289468721e+00 -6.230472307627296e-01
241 -1
2.659447215774007e+01 1.375149286451985e+01 2.272069417284064e+01
2.199332348687000e-02 3.478101893187410e-01 -1.352873340860999e-01
242 -1
2.529190370412092e+01 1.466447251679674e+01 6.539075403135663e+00
-9.681596305995049e-02 -4.581946317253033e-02 5.606150075128145e-01
243 -1
1.009523488196610e+02 7.904822173249055e+00 1.347091524364615e+01
2.298070284472487e-01 1.106879054018292e-01 -2.710974204307238e-01
244 -1
7.917589738150880e+01 2.069281500721093e+01 2.387521093499949e+01
-2.396745723461532e-01 -2.407723904185441e-01 6.206693703844146e-01
245 -1
4.770078334821283e+01 4.854019342230150e+00 2.417749066412595e+01
-7.745084154860957e-01 3.074798148794396e-01 1.214489550750165e-01
246 -1
2.541928763506317e+01 1.139080300140442e+01 2.506572976308679e+00
1.788471939792852e-01 -2.607781394811062e-01 -3.646457710313268e-01
247 -1
3.036630306894001e+01 7.105588462807983e+00 1.286094615573343e+01
-6.620705471763904e-01 -1.680724237194663e-01 -4.208601469788081e-02
248 -1
3.228448108182326e+01 2.364373800828308e+01 1.453364527839410e+01
-5.349431068070087e-02 9.800735816330855e-02 -6.607759516193658e-01
249 -1
3.363843592863050e+01 1.612607491481542e+01 1.593323809437339e+01
3.053332395998005e-02 -1.173358936878872e-01 2.386588073553450e-01
250 -1
1.510923577252330e+01 5.605769982739151e+00 5.495106702473164e+00
-1.704552387384575e-01 -5.937793210674591e-02 1.724005595179279e-01
251 -1
6.811525573653524e+00 1.904146043025071e+01 5.760604798755103e+00
1.593157338558949e-01 -3.744882831964537e-01 1.043401213062697e-01
252 -1
2.867303442541676e+01 2.472626632514141e+01 6.721277089766064e+00
4.634428893812265e-01 -5.773127863946064e-01 -8.243045393424001e-01
253 -1
2.643535778168246e+01 1.571472864878182e+01 2.217202579885452e+01
-1.395111604894148e-01 -4.015546819443689e-01 -1.529599255613489e-01
254 -1
9.550309532715973e+01 2.198324946889297e+01 1.281078206129735e+01
-1.491895581877432e-01 2.912723936816178e-01 9.756413228263591e-02
255 -1
1.074967410634166e+02 2.931834916132817e+00 2.374665631662605e-01
-1.318126009819987e-01 -1.075374318482736e-01 4.247987252526146e-01
256 -1
4.602240063483532e+01 1.036817084711277e+01 1.624689790878715e+01
-4.803157564524145e-01 -2.987027791736361e-01 4.706765093315244e-01
257 -1
2.120546051252090e+01 2.258460263753934e+01 1.744529539074776e+01
2.870804348770502e-01 -2.309257654169433e-01 -4.833282029795778e-01
258 -1
3.782515903637299e+01 1.250962565809267e+00 2.641430927458795e+00
-2.806414987616048e-01 -4.396390664472563e-01 4.123499239526039e-01
259 -1
3.509594978926876e+01 5.313331588584791e+00 1.049373292894578e+01
-5.798699599207844e-01 7.247441477351149e-02 5.489886545113365e-02
260 -1
3.014118550745720e+01 1.907396647387078e+01 8.209299589451199e+00
4.115170467207411e-01 -4.015959612102974e-01 5.320783170049178e-01
261 -1
1.443193039020375e+01 1.975548520118186e+01 5.010860400284259e+00
1.883856991475999e-01 -1.586283407817823e-01 -3.335175267745769e-01
262 -1
1.461346497785726e+00 1.407996344991279e+01 2.184886269402164e+01
1.591770164882835e-01 4.593619460365805e-02 -4.722964137403034e-01
263 -1
1.017104496563026e+02 2.561616455015520e+01 1.253216751143520e+01
2.507038717762972e-02 -1.765478060388444e-01 8.897091115131614e-02
264 -1
3.215972471949024e+01 1.969346811086677e+01 7.066278097241129e+00
2.934396436109760e-01 -6.070245554325613e-01 1.755057053801179e-02
265 -1
2.722780192244301e+01 8.162256428619811e+00 2.109607612489333e+01
-3.542231086715393e-01 -8.298524515876355e-01 1.030002904492626e-01
266 -1
2.025809400998279e+01 5.522639070380151e-01 1.279811948990758e+00
-1.387863041401453e-01 3.678129254861133e-02 -6.220825693711551e-01
267 7243
9.089209286145838e+01 2.606527196199702e+01 6.810192397448284e-01
-9.290732486186623e-02 8.088617759056482e-01 -1.888574377614349e-01
268 -1
6.691899255942980e+00 7.336472957339560e+00 1.583897861487508e+01
1.461471128083580e-01 5.622594991212483e-01 -5.723311784799388e-01
269 -1
9.965815997497099e+01 5.335363244511612e+00 1.253074634372096e+01
-3.036797824100645e-02 5.525992237145005e-01 -6.170355176413591e-01
270 -1
1.015244520050967e+02 5.182594731591954e+00 2.247338791315247e+01
1.324810931043829e-01 -5.913172684849105e-01 2.607747285352227e-01
271 -1
1.032354554113132e+02 1.287350967343430e+01 2.449393800647447e+01
-3.848182520024369e-01 2.862361040689096e-01 6.840997585460398e-01
272 -1
9.920326871361738e+01 4.906379325555707e+00 2.313706883989150e+01
4.960991726347886e-01 5.667318393833701e-01 -3.498173765783633e-01
273 -1
7.113035765250612e+01 1.056796412763614e+00 1.668607117865023e+01
6.571800191341428e-01 -1.208011776873612e-01 4.099265661509155e-01
274 -1
3.118483226453553e+01 7.297434689948232e+00 7.015284947979885e+00
7.932666008329119e-02 -6.269799860278124e-01 -2.621895958849514e-01
275 -1
7.142197480780203e+01 8.479872049309570e+00 2.105814535999359e+01
1.079575968269450e-01 2.429221602011786e-01 -4.149361405135599e-01
276 -1
4.088033244407666e+01 3.659954724426781e+00 2.125645900171696e+01
4.902401820391983e-01 2.266782054545209e-01 -1.421420477870345e-01
277 -1
3.486830238196805e+01 1.827530229008305e+01 2.007626282167959e+01
-1.784960188009530e-01 5.961139679587870e-01 2.920902529085842e-01
278 -1
1.361496801081292e+00 2.308086325353151e+01 2.399403208209623e+01
-4.558596597535347e-01 -5.653484936186112e-01 -6.716807393269376e-01
279 -1
2.523035615182716e+01 1.847884213018796e+01 1.590429828415765e+01
2.142363475111570e-01 3.288304750179026e-01 -1.738505007434561e-01
280 -1
2.238840445552560e+01 3.740900761683058e+00 9.074923581843185e+00
1.253615200781217e-01 -1.581166888679131e-02 -9.486222748587469e-02
281 -1
3.509909932397483e+01 4.804789735713261e+00 7.967714795714957e+00
2.190703253441654e-01 -7.729443407130917e-01 4.256697277775073e-01
282 -1
4.395452766859642e+01 1.251174036971759e+00 2.313111455494570e+00
6.076613966313485e-01 3.325055332052575e-01 -2.637142528679521e-01
283 -1
3.534673985977624e+01 2.231774075173388e+01 1.574594238499457e+00
2.136002318432988e-01 3.254420685171020e-01 -6.302741059679151e-01
284 -1
1.318278475910654e+01 6.129296108321350e+00 3.623159884808845e+00
-6.333086184519171e-01 -8.692877207387578e-02 1.629613303098251e-01
285 -1
5.757644903646878e+01 1.708163904583491e+00 1.960442332724119e+01
-4.360293898692638e-01 2.357226146202307e-02 -1.761039669258448e-01
286 -1
8.977582571177602e+01 1.503587304146287e+01 4.680200176124880e+00
5.227914876543269e-01 5.649883350593548e-01 2.586067660843843e-01
287 -1
1.137689507601715e+00 7.733753111924651e+00 2.496021576975859e+01
-3.230641357724273e-01 2.398439541095171e-02 -3.048882009548906e-01
288 -1
2.154734253058847e+01 1.770712318757826e+01 8.762362981402880e+00
-2.454878579810720e-01 3.067591260220868e-01 -5.627376501572544e-01
289 -1
5.066747358705285e+01 6.880295416607737e+00 2.387078034035878e+01
1.517894315916788e-01 4.687876415476636e-01 -2.693904392637925e-02
290 -1
4.512474750126916e+01 2.069830863301918e+01 2.289766202601055e+01
-4.710808657398213e-02 3.299610564415934e-01 3.025350960787845e-01
291 7267
7.411346378794930e+01 1.896833279930977e+01 2.547366874565170e+01
4.145040611676283e-01 1.665746843325867e-01 3.770410139412460e-01
292 -1
7.992086991027614e+01 4.041641406571929e+00 2.533891829362275e+01
-1.571351894077681e-01 -1.741109172708676e-01 -1.138166624992353e-01
293 -1
1.921611041824588e+01 2.110615097071879e+01 1.850801928040779e+01
1.519292604040288e-01 4.630227520426147e-01 -3.973804600159926e-01
294 -1
5.497045619519285e+01 5.048715208941319e+00 1.244344700763825e+00
5.088393239337730e-01 -4.842253527743456e-02 4.921909007619571e-01
295 -1
4.043774353452343e+01 1.217402533904803e+00 2.506667874674413e+01
7.982466747539729e-02 -4.700572365291452e-01 -2.183578473289429e-01
296 -1
3.600937849854999e+01 1.881858387606819e+01 1.144568304027334e+01
2.293116288266868e-01 -6.308275868801982e-02 -4.744524009709294e-01
297 -1
2.039254927365900e+01 2.211647491878701e+01 2.211179893648163e+01
-7.084068892627086e-02 -6.092857696357426e-02 -4.671376123978261e-01
298 -1
7.006390224697255e+01 1.921423106778015e+01 2.001950690635154e+01
8.024584448568683e-01 -2.514728600293920e-01 -5.140292853850126e-02
299 7275
2.640683591968347e+00 1.344137116942735e+01 2.563977298372853e+01
8.744248382338083e-01 -1.952956729241705e-01 1.399378162144416e-02
300 -1
8.430718579601856e+01 1.891770409785789e+01 6.368724457615323e-01
4.506942383400789e-01 3.359392452473620e-01 9.743222281832996e-01
301 -1
9.908244974254295e+01 2.451346905383835e+01 2.439588340282329e+00
9.719427748866095e-02 6.677736124007859e-01 -2.620477555742843e-01
302 -1
2.871772775735808e+01 2.529878641994809e+01 1.405115169190920e+01
-3.404244888819475e-01 -8.353561645170771e-02 -2.276433999015549e-01
303 -1
1.072968431554410e+02 1.519269837829393e+01 1.862222214724276e+01
-2.468683816522753e-01 7.751147294492862e-01 4.038717392169410e-01
304 -1
3.140704873690600e+01 1.298680589742387e+01 4.965793853137314e+00
-4.692038338566473e-01 -3.595042669453735e-02 3.456853049071515e-01
305 -1
2.802750097346721e+01 1.673570343671248e+01 2.113007317803356e+01
5.151752853574887e-02 1.579153788369189e-01 3.909946316582030e-01
306 -1
2.140082030129775e+01 3.220096696187061e+00 1.078510684127399e+01
1.056269413931318e-01 3.525662102254628e-01 9.017155156135925e-01
307 7283
7.990113523901378e+01 2.542842513031421e+01 9.758512520534367e+00
-1.052590089575058e-01 2.825094027097458e-01 5.620509093210255e-01
308 -1
3.369156106405327e+01 1.920462829924243e+01 1.298428450572015e+01
-1.232561707799908e-01 -1.859700876887996e-01 -2.422805094361061e-01
309 -1
3.894520099222640e+01 2.050220743770675e+01 3.541939276526878e+00
-2.399169436652975e-01 3.152245239097547e-01 1.812802671773497e-01
310 -1
4.408427911131364e+01 2.945125663674480e+00 2.458977793726934e+01
-2.332042987107021e-02 6.965761904421978e-01 -4.767212174586679e-01
311 7287
1.466203323952793e+01 8.694332808986132e-01 2.215654981190691e+01
5.245695161874617e-01 -4.954551858230449e-01 -2.079932991551667e-01
312 -1
2.895180106560604e+01 2.503861488077896e+01 8.793660586844489e+00
-9.768426110813423e-01 1.724386764205185e-01 5.266268270649093e-01
313 -1
3.142433129561002e+01 1.844933419723091e+01 1.255562869604603e+01
-2.527736927313420e-02 -2.478038401874197e-01 -1.781719753202597e-01
314 -1
6.425839841850953e+01 1.371948818146486e+01 2.517722549899594e+01
-2.822139935992489e-01 2.559667294091365e-01 -6.701922464866126e-01
315 -1
2.395731181290655e+01 7.274795436834522e+00 2.461926076078528e+01
-8.500905355160717e-01 -1.015524218900434e-01 1.086221126825552e-01
316 -1
3.664906618371433e+00 2.931713035235746e+00 1.494421426737079e+01
-1.283883569477295e-01 -7.653469678318664e-02 -2.334019563365770e-01
317 -1
2.445156462509621e+01 1.494937976287199e+01 2.186133395006790e+01
-6.253557369404222e-02 -1.553074508484161e-01 -6.198467459371158e-01
318 -1
4.827350973790904e+01 2.524830925118557e+01 2.326628851177213e+01
-3.429940168790890e-01 -3.540706903639550e-01 -2.489563077226830e-02
319 -1
9.264772992860763e+00 7.036036766221682e+00 6.729118995462118e+00
-2.640546348906907e-01 1.670973769087039e-01 2.434577494736084e-01
320 -1
3.053011531201766e+01 4.730981042008533e+00 9.608603199668147e+00
-2.400783922100275e-01 -9.339575560321918e-01 -3.298997927349960e-01
321 -1
5.922664215314602e+01 1.736482937904945e+01 2.057176911246130e+01
-2.099864000171132e-01 6.763973876796081e-02 1.207588791877604e-01
322 -1
8.927108577300754e+01 2.478346717102619e+01 1.266789376830552e+01
-4.029851951691943e-01 9.234517333761766e-02 -2.150577838260716e-01
323 -1
8.557281173246477e+01 1.534759312714271e+01 2.074514172688210e+01
7.747314843881739e-01 1.364056848794918e-01 4.585091156759582e-01
324 -1
2.474122818332150e+01 2.371790631288170e+01 5.896982132895737e+00
4.959685945815044e-01 -2.839296998530823e-01 6.501052990421359e-01
325 7301
6.690772792121659e+00 9.003599603716018e-01 1.571871462410499e+01
-2.145582019428538e-02 -1.852576509339982e-02 3.510453581765183e-02
326 -1
9.162716008150660e+01 5.147180701795722e+00 1.141402867270541e+01
-2.766984523454222e-01 6.721719445763434e-03 3.781804525322076e-01
327 -1
8.446096583189049e+01 9.215604657757101e+00 1.851970838672376e+01
-3.853172222934651e-01 3.949305815784820e-01 2.323288626655657e-01
328 -1
3.745113965077873e+01 3.644252727752128e+00 1.869401509354482e+01
7.391973851625151e-01 -3.484082324991433e-02 -1.581561182478735e-01
329 -1
9.914819099311529e+01 1.183062282567361e+01 2.117296142163289e+01
-3.156316155388645e-01 -7.391837428470849e-02 7.598410260544181e-01
330 -1
1.161902602658042e+01 1.270107935872545e+01 1.552044428472582e+01
-2.798918398519214e-01 5.173698826489265e-02 6.088800288801743e-02
331 7307
5.587089882210062e+01 2.532306270015505e+01 7.963568949862796e+00
-4.336483775954774e-01 4.521845660514934e-02 -3.002521530545768e-01
332 -1
8.469085664499706e+01 2.281256984907345e+01 2.082646037298874e+01
-1.373264172075175e-01 -2.793020866603874e-01 -2.570032362515274e-01
333 -1
5.139131461397617e+01 1.604837068087793e+01 5.663387255701861e+00
-2.920506642121267e-01 5.005709540544826e-01 -5.446827784509157e-01
334 -1
5.880760042026491e+01 2.459223604860423e+01 1.828493186537569e+01
-7.137369434047417e-01 3.991868458043275e-01 -2.318474722519903e-01
335 -1
1.070391409079905e+02 1.040760637038698e+01 1.426346995687652e+01
2.857787486403145e-01 -2.327159978738006e-01 -1.693922243220746e-01
336 -1
6.410883351586433e+01 2.533749408347330e+01 1.707086866890524e+01
-6.710673176936005e-01 -2.817247289486569e-03 7.289553273880076e-01
337 -1
2.241979624980428e+01 2.145795324781133e+01 9.373814514162525e+00
-1.389044257731690e-01 3.158352386790645e-01 2.027905702877080e-01
338 -1
2.522332443286373e+01 7.111444595622397e+00 1.242025832798086e+00
-4.784214152302124e-02 5.300095486247851e-01 -4.573564142803001e-01
339 7315
1.978081302557703e+01 5.932802444856090e-01 8.502208119104569e+00
-5.857312297495180e-01 -2.972473037248006e-01 -3.084323459461802e-01
340 -1
3.278451765090383e+01 2.004353369492805e+01 1.788094218719572e+01
8.879115948088812e-02 -7.476407428464060e-02 -3.100060367101990e-01
341 -1
3.002618997560440e+01 9.587801226255083e+00 2.483651035701624e+01
5.288517164835602e-01 -5.098912010952611e-02 2.360720474573139e-01
342 -1
2.821936897713345e+01 7.819465038913804e+00 1.549963238496429e+01
2.644996681398589e-01 -1.108234684454555e-01 1.607201481595049e-01
343 -1
2.551995901054211e+01 1.320939579179790e+01 1.920610473970065e+01
2.892432526661312e-01 3.862372040831121e-01 2.991671871865607e-01
344 -1
2.575282597886025e+01 1.116369237004263e+01 5.385084551710948e+00
-1.542176178027507e-01 6.950829866827267e-01 6.356535940007936e-01
345 -1
3.841247611749689e+01 2.192485170159512e+01 1.864289553543059e+01
1.894621733761096e-01 -9.071000438474863e-03 1.148649999080694e-01
346 -1
1.915356069927442e+01 1.562459729959780e+01 1.853053587129891e+01
-6.529362569379749e-02 -3.748612974854124e-01 7.661783440053447e-01
347 -1
2.067886123491181e+01 1.155185272819026e+01 8.968405097312152e+00
-6.157166914188712e-01 4.653052138898581e-01 -2.612255690104290e-02
348 -1
3.510100791169489e+01 1.151892491156024e+01 8.129556406806250e+00
-2.834388396996780e-01 -2.311147495279381e-01 2.596534886417676e-01
349 -1
3.605835314374430e+01 8.658492774558553e+00 1.517171142266495e+01
6.733583964971845e-01 6.309044552484813e-01 -3.662819486173160e-01
350 -1
4.208697692033422e+01 1.602775407159517e+00 1.407502695025209e+00
2.691756678917182e-01 1.409531748301273e-02 1.313921600281651e-01
351 -1
2.949368682953337e+01 1.887428990928974e+01 1.864182176065523e+01
-4.336262980041122e-01 3.094673527763352e-01 7.032720988813383e-02
352 -1
1.859729619144854e+01 4.437701647921301e+00 1.530990781997909e+01
3.344815486392841e-01 -1.043568976891842e-01 2.893408813987675e-01
353 -1
2.566850161243586e+01 8.254300565528769e+00 1.079703985321483e+01
-1.959988759689777e-01 -5.718458011833567e-01 1.383229502172025e-02
354 -1
2.951296581336342e+01 1.168976136727219e+01 2.389113261393325e+01
1.034216088725172e-01 2.414222838670303e-01 7.288387288661136e-02
355 -1
3.381527617167674e+01 8.980389311466874e+00 2.169979199747826e+01
1.144827119006014e-01 -1.862907015043516e-01 -2.228051001498748e-01
356 -1
7.434831668322452e+01 9.565517229638178e-02 8.976672858623187e+00
3.161860107807524e-02 3.504676418582022e-01 1.593255713509048e-01
357 -1
3.173710397529431e+01 1.026282140782112e+01 2.386708525348087e+01
-1.965046983148661e-01 8.078726000330101e-02 7.734431744392338e-01
358 -1
2.430847584474611e+01 4.712230400131915e+00 9.005239160863219e+00
-6.769375433604877e-02 -6.480511318339305e-01 1.903746585637465e-01
359 -1
3.123241287899201e+01 1.608416076609868e+01 1.794326558802204e+01
-3.844786283645873e-03 -9.041845697509823e-02 -3.328501427014734e-01
360 -1
1.701575015584823e+01 1.438431775203213e+01 1.239676053387849e+01
-3.720988531568641e-01 -2.562318305832291e-01 2.683085438477905e-01
361 -1
2.101403198375464e+01 1.357492792757507e+01 1.175963802544984e+01
2.455726878411923e-01 -4.432068672754759e-01 -7.713981771289665e-01
362 -1
3.577701014001341e+01 6.456388232863985e+00 5.491729462768135e+00
5.283176066279843e-02 -5.064127490675352e-01 3.284567809470832e-01
363 -1
3.943546830155974e+01 5.000611935484954e+00 1.825692306382247e+01
2.913827790469173e-01 -5.170216842592526e-02 8.812171132813296e-02
364 -1
3.620776131316630e+01 1.525200649330887e+01 4.832441426001375e+00
-9.212877193166702e-02 -7.780098940625824e-01 1.157496156151252e-01
365 -1
3.019162248919566e+01 1.288292440640270e+01 1.173886308968760e+01
-9.377254123369416e-02 1.240781868285885e+00 1.240723770908235e-01
366 -1
2.411366977815980e+01 3.417758668101810e+00 1.657435716840321e+00
-2.618217321983447e-01 -3.381905248488242e-01 3.446813613033372e-01
367 -1
6.427956737085433e+00 5.851342386392690e+00 2.135530484915649e+01
-1.315834354031965e-01 -3.770685291497554e-01 -3.790687698717854e-01
368 7344
6.865121354668516e+01 4.644947285359378e+00 1.828654227219730e-01
-3.354486331555254e-01 -4.125947418534917e-01 -1.161590215354603e-01
369 -1
4.492537000985065e+01 1.504648368123952e+01 2.857449357205224e+00
-5.820503173446729e-01 -1.434021669177709e-01 -1.347224877999112e-01
370 -1
2.529450850482563e+01 1.358601180267907e+01 2.180501729158492e+00
-7.694831601431111e-01 5.363784058928966e-02 -2.688974501096850e-01
371 -1
2.602269002211277e+01 2.300857868956648e+01 1.902812401648303e+01
3.424633825838624e-02 -4.582100839244512e-01 1.029051626626138e-01
372 -1
6.521860373883470e+00 6.615177482234857e-01 7.714279222515895e+00
-2.111058870570041e-01 4.164167979371832e-01 -2.061982314366165e-01
373 -1
9.144736329875650e+01 2.539513471651873e+01 1.603640671507143e+01
-3.879493169242562e-01 -1.926687324199058e-01 2.975197143823348e-01
374 -1
1.293255098397295e+01 7.026988263842199e+00 9.149921649488338e+00
4.585628360756039e-01 1.218357691809756e-01 7.948849457569664e-02
375 -1
9.646976584556971e+01 1.094077674611093e+01 3.009014830437521e+00
3.893360927049760e-01 -4.543544062701365e-01 -3.549349979798477e-01
376 -1
2.162492179263570e+01 1.866985639833906e+01 4.426519353772980e+00
6.609944823796682e-02 3.216133294270622e-01 2.592606412206844e-01
377 7353
1.922546970689371e+01 2.177700983799530e+01 2.603964951848880e+01
-7.218263732772241e-01 1.116369895388680e-01 7.951964856869420e-02
378 -1
8.407153335628409e+01 4.306575855458797e+00 3.715568940026761e+00
-2.986620579076483e-01 -5.458986931324799e-01 -4.154115861779235e-01
379 -1
5.453382848563048e+01 2.228467523782839e+01 1.237009213800326e+01
1.207996424349616e-01 9.611002960338386e-03 -8.719090374464583e-03
380 -1
6.167312324477661e+01 5.399117645750862e+00 2.441470508099194e+00
-2.474822041464158e-01 5.403936032299969e-01 -2.145554114917206e-01
381 -1
6.219786490262749e+01 1.331531240124745e+01 6.731614344423970e+00
6.439188118097572e-03 8.319174111871014e-02 -7.403459558224296e-02
382 -1
3.210388551210554e+01 1.286551273280151e+01 1.266698975067494e+01
6.597857864361822e-01 -3.434326793550542e-01 7.398615685711543e-01
383 -1
1.654592487310855e+01 2.540013436176568e+01 8.233485894844776e+00
-2.039687297300579e-01 -2.530476237391509e-01 3.044418002801514e-01
384 -1
3.400996183255634e+01 1.867232712411514e+01 1.489218628835584e+01
4.919519984156540e-01 2.545042760513089e-02 7.299455673663821e-01
385 -1
3.626633003625935e+01 2.004150615350638e+01 1.914876049087135e+01
-4.798729341466545e-01 4.547217548899755e-01 -5.188613702766114e-01
386 -1
3.160062746590460e+01 8.845890448911486e+00 5.670131983147587e+00
1.444985204752840e-01 6.562037413558902e-02 -9.479166439432521e-02
387 -1
3.116333320248799e+01 9.856464239944589e+00 1.814395656318922e+01
-8.252223431982275e-02 -3.054037536991045e-01 4.583362356711035e-01
388 -1
7.503273506353871e+01 2.376396741712311e+01 1.128776300367668e+01
-6.886348032084830e-01 -1.870102741546887e-01 1.512417774258458e-01
389 -1
6.988705925794941e+00 1.292699394002016e+01 2.275777275110011e+01
-4.024661493885363e-01 -3.028509583364710e-01 -2.015616407308042e-01
390 -1
8.188795788204462e+01 2.112923449315172e+01 1.933894822941197e+01
3.894165464209188e-01 3.925361819900390e-01 -2.802881981040590e-01
391 -1
9.245667905122211e+01 1.587464363978991e+01 2.561403711811610e+01
3.124624586287174e-01 4.134228067457953e-01 -4.739882944849556e-01
392 -1
2.733972788942557e+01 1.022295608495633e+01 7.263754467570115e+00
-8.240618633859838e-01 -5.786097044654070e-02 2.679703945753048e-01
393 -1
9.672287427857188e+01 4.405199159920337e-01 1.500974525720219e+01
2.067593084762189e-01 4.208346639865556e-01 -4.931631466782466e-01
394 -1
2.031633379670967e+01 2.110122324550072e+01 1.010932577387148e+01
-2.260138298427166e-01 -1.074626372401337e-01 1.663029546270632e-01
395 -1
3.031832341310170e+01 8.970055836047257e+00 1.414682468027458e+01
1.655130970213067e-04 5.806189762005738e-01 -4.086678287197422e-01
396 -1
3.199203957505357e+01 1.445864047610523e+01 1.099499579176164e+01
5.888555875705954e-01 8.920234571832800e-02 6.171553915718236e-02
397 -1
2.889894966855330e+01 2.115563528330247e+01 2.113375697448301e+01
4.416210853365544e-01 5.096097706956675e-01 7.788490460692311e-01
398 -1
7.542866035403138e+01 1.817694979344356e+00 8.923143808072084e+00
3.502785382635792e-01 1.142364986736090e-01 2.864900865902187e-01
399 -1
2.466401819451733e+01 2.464894173693881e+01 1.926156125450371e+01
6.123795170471442e-01 -1.248832026115501e-01 -7.542927089471271e-01
400 -1
6.730740423195586e+01 2.241191668826636e+01 2.478172025166112e+01
4.031467086769938e-01 1.329450434331270e-01 -2.936852756220535e-01
401 -1
1.926902490966285e+01 1.264553650086195e+01 2.221407289847809e+01
3.916613591419701e-01 6.867570954031247e-01 2.229983174302119e-01
402 -1
2.257245585658146e+01 7.041319048985857e+00 6.155174498380648e+00
-1.117108047587052e-01 -2.153221756838682e-01 1.108969559367050e-01
403 7379
3.506368671790207e+01 2.614061698720835e+01 2.556421654732626e+01
-7.393964866876971e-01 -8.642217848240383e-01 7.458168972833934e-02
404 -1
2.418184371466048e+01 1.835106108164551e+01 8.351616954947668e+00
-4.959732383282450e-02 1.470454520796335e-01 6.910204064033945e-02
405 -1
4.057632238657908e+01 1.974041266612656e+01 2.210513238441054e+01
-2.805936620049443e-01 -1.281498101134677e-01 -6.193743408012576e-01
406 -1
1.666363223822512e+01 1.042299787707932e+00 1.912044572054617e+00
3.220011237491740e-01 4.191699790296981e-01 6.102738394133471e-01
407 -1
4.613489305353240e+01 1.868836351067703e+01 1.214334268642470e+01
3.579272268731457e-01 4.048818815835052e-01 -3.012289202652130e-01
408 -1
2.234977366492790e+01 1.549950421648468e+01 5.312017166044300e+00
-1.276569670515845e-01 4.925841832089348e-01 3.245163174390103e-02
409 -1
6.461367765545313e+01 2.150958911227806e+01 5.276908351424908e+00
4.983221464592814e-01 3.042381943433188e-01 2.339143952084483e-01
410 -1
1.728693435856316e+01 2.487901265714781e+01 1.631650294672698e+01
7.743757207631488e-01 2.080701600609447e-02 -6.700283624187111e-01
411 -1
3.284865722464347e+01 8.920978769546791e+00 1.637831775291465e+01
-4.598402463574889e-01 -1.378584187227977e-01 -7.680166076619380e-02
412 -1
3.340344225832675e+01 8.837998697135701e+00 4.407653896789226e+00
-4.341233967535175e-01 -2.333173680154859e-01 3.337607427183640e-01
413 -1
3.226288559336572e+01 2.323395980649954e+01 2.026512264716866e+01
-6.566487221001629e-01 1.339573497605021e-01 1.088724366990673e-01
414 -1
9.857392211615737e+00 5.734921022122573e+00 1.859345538298823e+01
3.884717702436305e-02 -1.458433623803429e-01 3.410507170240323e-01
415 -1
5.100629122033019e+00 1.110638730289293e+01 2.669741662842128e+00
1.376539856194586e-02 2.757695147461908e-01 -2.315200142198234e-01
416 -1
2.885413107559321e+01 1.390699764573521e+01 1.789375457855902e+01
2.247254478494553e-01 7.958940065622019e-01 -1.500336058723545e-01
417 -1
3.296968373792825e+01 1.695858933288569e+01 1.272859404901443e+01
-9.061949161597499e-02 1.580195964915900e-01 -1.386582699968197e-01
418 -1
2.051636423456761e+01 1.182197091720011e+01 6.440338497282546e+00
-2.759163160359709e-01 -7.418177632894354e-01 3.945838845774091e-01
419 -1
1.939157182211578e+01 1.736962311854702e+00 1.805692797116338e+01
-1.037762113720242e-01 -2.306916737789450e-01 -5.515203609962210e-02
420 -1
2.253174446156595e+01 1.173219598331175e+01 6.677573714545086e+00
2.421783014141544e-01 3.415792365624711e-01 -6.243856278559226e-01
421 -1
2.623997166645267e+01 2.019870339023140e+01 2.401215962470271e+01
6.484665279759477e-02 4.863441574975466e-01 -2.945247148136433e-01
422 -1
1.796524320084121e+01 2.625067761636038e+00 1.694833083934356e+01
-6.991887954486583e-01 -3.341747255321272e-01 5.932298128526130e-01
423 -1
3.817713479170512e+01 1.180042529936027e+01 1.671113162017736e+01
2.965070910174144e-01 -1.431714069371931e-01 3.256788961861096e-02
424 -1
2.957469880575038e+01 1.651222683036006e+01 9.213705520911724e+00
-1.995561905403698e-01 2.680171069574737e-01 6.095669437746571e-01
425 -1
3.242419575739532e+01 1.468364792290174e+01 5.471140978082313e+00
3.085812786806851e-01 -1.533670613700553e-01 -8.410412047557072e-01
426 -1
1.020473336539640e+02 4.749848961752374e+00 1.871113871829954e+01
-5.453685001892375e-02 -3.256026073421542e-01 -1.956720461524956e-01
427 -1
2.656134535709700e+01 8.982252281847597e+00 2.280387821241765e+01
7.106203359028601e-01 2.699952526759660e-01 1.161216437187992e-01
428 -1
7.903373362346453e+01 1.399787056580258e+01 2.699417460512813e+00
3.347724153617229e-01 -1.294822479159568e-01 2.166434713405786e-01
429 -1
2.067618249611476e+01 9.940502413913279e+00 2.509859671394412e+01
5.367692859044920e-01 -5.484858043410383e-01 -3.735852917804495e-01
430 7406
5.549063165964685e+01 1.280740483279289e+01 6.675003507917099e-01
-8.140705396835868e-03 -4.203917374539106e-01 -1.204876790594921e-01
431 -1
3.450309265799218e+01 1.262342232614729e+01 1.302039266256040e+01
-2.136006635509788e-01 -2.801217402374073e-01 -1.733179189583670e-01
432 7408
5.143415223426470e+01 3.434824618744827e-01 1.486232583630580e+01
1.502200493874724e-01 -2.561723870281807e-01 2.604558048433818e-02
433 -1
7.207915302739801e+01 6.046705981453819e+00 9.447369418182667e+00
-3.127235495444045e-01 1.948104026645046e-01 1.256260754257715e-01
434 -1
5.589230270762205e+01 2.216811292467705e+01 1.607429124336355e+01
-6.550992279504708e-02 1.215235343782385e-01 -1.744824044549974e-01
435 -1
2.919809161967826e+01 1.585885207658804e+01 2.515507474983468e+01
9.488612168105648e-02 -1.550713653690100e-01 -1.312118589116877e-01
436 -1
3.484401400506767e+01 2.453916640911541e+01 3.358508360234509e+00
5.820510958010130e-01 1.399779942479527e-01 -2.090345340196365e-02
437 -1
2.737511480158214e+01 1.475922112160051e+01 1.919219113278445e+01
-5.853974001922224e-02 5.232498983375850e-01 4.392722061826425e-01
438 -1
3.452513657224330e+00 5.943178287656708e+00 1.805697855324849e+01
6.893992428196889e-02 -1.667482340398605e-01 1.028733487428906e-01
439 -1
1.323082431394727e+01 2.484616878632864e+01 2.162347258963138e+01
2.310936650260614e-02 -6.522853108109591e-01 2.466335897096777e-02
440 -1
2.502146050092230e+01 1.674016632501006e+01 7.441023422624647e+00
-7.774653849462007e-02 -3.142808864625829e-02 4.820743330909859e-01
441 7417
8.898873500230381e+01 1.353085147922303e+00 2.608322324201362e+01
4.771982163941205e-01 -1.547518440526723e-01 3.559758057962120e-01
442 -1
2.218640247128045e+01 1.175065542305132e+01 1.917370821579560e+01
-1.930712798487966e-02 1.954583157317414e-01 -1.394376723226232e-02
443 -1
1.282820946869948e+01 6.819843950515859e+00 5.723491464917845e+00
4.637600928343611e-01 4.005476159614238e-01 -1.853823497576429e-02
444 -1
2.608423035983418e+01 2.347578000393067e+01 1.151719780498641e+01
-3.411761631757566e-01 3.168416088009553e-03 -3.186424561283474e-01
445 -1
1.752344989437954e+01 1.791561311908591e+01 2.439499468200427e+01
5.761465180288710e-01 7.185791558379362e-02 -1.418037167366977e-01
446 -1
6.347719873286299e+01 7.358110865668461e+00 2.759831154180552e+00
2.485090341846697e-01 4.975507490911708e-01 4.097664599225651e-01
447 -1
2.971455611019238e+01 4.734933387260637e+00 1.817874273056101e+01
1.299782155792072e-01 2.944450821187686e-01 1.522651892179730e-01
448 -1
5.156106926663369e+01 2.029379544117320e+00 2.032191213502925e+01
4.011313932544243e-01 -1.724391759190852e-01 1.910877080341564e-01
449 -1
3.026500387768584e+01 2.355522936825717e+01 5.209232621882367e+00
-3.130226879681079e-01 1.398543993885356e-01 5.747838785694256e-01
450 -1
5.818999933193829e+01 8.904099759575539e+00 2.549060055973280e+01
-4.054505823191338e-01 -5.028994720510587e-01 -2.467923489441785e-02
451 -1
7.414264515013302e+01 2.077427802888518e+01 2.349212836137898e+00
-1.247188037845378e-01 7.322732367899087e-01 3.164496221318682e-01
452 -1
2.508592444796864e+01 1.195112236251205e+01 9.366528736832029e+00
1.164966622756422e-01 6.696825879516369e-01 -2.189067573363129e-01
453 7429
2.064234300127261e+01 2.527875638015007e+01 2.323639987754164e+01
8.294446794255020e-01 1.106685738891135e-01 -1.555091217195771e-01
454 -1
2.223735356856845e+01 5.555596123155049e+00 7.600623697072342e+00
-6.177692137472589e-01 -3.593438037612871e-01 9.747070212980566e-01
455 -1
2.667883826638456e+01 3.216007456629224e+00 2.448213826194262e+01
1.192659539607224e-01 -2.870883798196555e-03 -2.478581478303981e-01
456 -1
2.479748775835752e+01 2.124558266460932e+01 4.205842356477743e+00
3.547860006225612e-01 5.569746045039223e-01 -4.315723893170397e-01
457 -1
2.853444623003723e+01 2.303424352829074e+01 2.345454811028382e+01
-6.742485366142217e-01 4.273529430824789e-01 2.185213549903389e-02
458 7434
8.543493620551668e+01 2.525668387850714e+01 2.061933339576424e+01
5.573782418259563e-01 8.633572033009845e-02 7.176285144385469e-02
459 -1
2.279219498488987e+01 1.234447726278177e+01 1.723453402328343e+01
2.728782273788088e-03 3.588606880056865e-01 -4.158738704015685e-01
460 -1
2.702669941859475e+01 2.011856121565673e+01 4.787123558915765e+00
2.937700464516505e-01 -2.965357955550141e-01 1.569206435872390e-01
461 -1
3.117697541603360e+01 1.808214729164657e+01 1.690682581487215e+01
4.990791335852872e-01 -4.196262310518717e-01 -2.310522248582640e-01
462 -1
8.186476282737404e+01 8.648116711299290e-01 1.737338058217880e+01
7.765730344565556e-02 1.555188630003498e-02 8.207895850012670e-02
463 -1
2.501554812012440e+01 7.741822961291454e+00 2.106310020327887e+01
-2.410000192854150e-02 -1.786685453732077e-01 -4.083710827924039e-01
464 -1
7.628154065910047e+01 2.593963370934196e+01 5.593106362925040e+00
4.127373798883344e-01 -1.983405205622727e-01 4.608154483539008e-01
465 -1
3.467253779932625e+01 1.017775854343592e+01 1.413739186299876e+01
-1.421763466063196e-01 6.022528620576780e-02 -3.204625368624900e-01
466 7442
1.019112925653691e+00 3.087160917187085e-01 1.804217899320828e+00
-2.496821987243348e-01 -5.508828220246387e-02 1.902885461553329e-01
467 -1
1.878197025614524e+01 3.975199719170928e+00 2.406621611601928e+01
3.404052653687372e-01 5.026399245211233e-02 2.212392695467286e-01
468 -1
7.580366006779965e+01 3.472631240434065e+00 1.211221321724211e+01
4.742116836655522e-01 1.834738124745205e-01 -1.822957437223244e-01
469 -1
1.752498781532948e+01 2.590018953000079e+01 3.485420432760717e+00
6.249866383298442e-01 -7.640193125088797e-02 -1.889321690483885e-01
470 -1
2.713478797103981e+01 2.389933488643749e+01 7.776402331853901e+00
-5.850400008499765e-01 -5.850647118060278e-01 -3.305010851958757e-01
471 -1
6.937038623408397e+01 2.237183368079783e+01 1.117136385775751e+01
7.073956104727682e-01 -3.779502392146132e-01 -3.965196982530113e-01
472 -1
5.926827749530152e+01 1.887738570559454e+00 1.671847361390585e+01
2.985236682226128e-01 -3.292459065185429e-01 -5.567044960389683e-02
473 -1
3.212426304985836e+01 2.713443515016607e+00 6.360651154533940e+00
2.060305784099308e-01 3.872653448200781e-01 2.483702773186576e-01
474 -1
1.835691268757833e+01 5.633814923060412e+00 1.120135144363304e+01
-2.826375399993052e-01 -3.960074757347383e-01 -6.135664567795287e-01
475 -1
3.145797291163625e+01 1.590409248909953e+01 9.628160686560797e+00
-6.241356520368648e-01 -3.596978361863367e-01 -2.035767966290498e-01
476 -1
1.436378660210699e+01 1.026846692040002e+00 8.961912694650055e+00
1.502921412189769e-01 -1.581561932078313e-03 2.176668534619712e-01
477 -1
4.131576080936861e+01 2.601707526125943e+00 9.432138133926284e+00
-7.847490385421696e-01 -1.342743131191522e-01 -3.951770645065509e-01
478 -1
2.270235820133189e+01 3.650695537618279e+00 2.302809992873643e+01
2.160960888790600e-01 -1.552271441945062e-01 -7.421221950804484e-01
479 -1
3.446931489602292e+01 1.395019858052820e+01 4.433028563817275e+00
5.698620136146790e-02 2.415907342516951e-01 -5.375628934583587e-02
480 -1
1.916837367090189e+01 2.299159620388854e+01 2.018443382605443e+01
2.153529381863245e-02 7.584401850491301e-02 4.929765345760423e-01
481 -1
3.167480022001155e+01 1.058231247489296e+01 1.600314536469061e+01
3.407698643409998e-02 -3.778955003705753e-01 2.818405362904182e-01
482 -1
3.830903397709083e+01 9.148238141876552e+00 3.195333310177040e+00
-6.324875559403109e-01 -4.140032021300149e-01 -4.984186497332047e-01
483 -1
3.613411524819725e+01 6.644252238355093e+00 1.879705764430015e+01
6.504036792646681e-01 -3.321879316776798e-01 2.043776674575602e-01
484 -1
3.355503194059314e+01 7.233708759544501e+00 1.015311256222015e+01
5.456928652605700e-01 -2.753913242803981e-01 5.035846038064860e-01
485 -1
5.968806920115554e+01 2.271212138692714e+01 2.473404688760872e+01
2.095515198820789e-01 -7.261728585935479e-02 -2.232167766492371e-01
486 -1
3.537863596733454e+01 2.353959874708165e+00 1.135154259740503e+01
-4.268535766973561e-02 -3.743194168412252e-01 -1.493835476660151e-01
487 -1
4.422324397276903e+01 6.248953998284906e+00 2.373588409152879e+01
-5.584410157973269e-01 6.122095039671093e-01 -8.318291988074781e-01
488 -1
1.780878245499064e+01 1.979020217912689e+01 1.487358629266668e+01
2.325661216545162e-01 -4.539459351178519e-01 6.078608526051865e-01
489 -1
2.429513106934606e+01 2.024224041660312e+01 2.161742912556669e+01
4.673538613357101e-01 6.138835006016726e-01 -6.577214297045376e-01
490 -1
1.549078831257010e+01 1.876181763743741e+00 1.420591051884310e+01
6.741749313106880e-01 5.627922024468621e-02 -3.854500018592226e-01
491 -1
2.970030567000924e+01 2.986270979128032e+00 1.037026215309399e+01
2.091669283309383e-02 1.182871607524381e-01 -2.577313701545779e-01
492 -1
1.315229397197352e+01 4.456382943281764e-01 1.416122895471162e+01
3.356475303229216e-01 5.353164212237199e-02 -4.184298610549228e-01
493 -1
6.832475881458776e+00 1.499498594787273e+01 6.598218995427447e+00
-4.278484431252452e-01 -2.878318927827063e-01 -2.720554491453243e-01
494 7470
6.997914975702491e+00 7.338944372647356e-01 1.300888924766734e+01
-1.201776957312522e-01 -4.655490412828970e-01 2.341677212986956e-01
495 -1
1.962696164037143e+01 2.482901018872493e+00 1.999767694953331e+01
3.111296246560962e-01 3.787673937703347e-01 -4.861797967694156e-01
496 7472
4.735777724580903e+01 8.261991533361810e-01 1.833650215551459e-01
2.287988604923139e-01 1.400101649344732e-01 -2.210229851135853e-01
497 -1
5.396985642273971e+01 5.024880191606151e-01 1.505026913340552e+01
-1.176390929848994e-01 3.520440775276035e-02 5.029639985974628e-01
498 -1
5.312609974523560e+00 4.584355251662808e+00 1.647593431793433e+00
-6.702822495770608e-01 -4.809026270597939e-01 -4.983401130495557e-03
499 7475
6.041150240888173e+01 2.522375932317684e+01 9.624133122070109e-01
3.969859529267085e-01 4.722764052580592e-01 1.406357463842420e-03
500 -1
4.947787742659635e+01 6.429687568321573e-03 4.207008571866034e+00
5.472837082229027e-01 8.294015639940561e-03 1.995190046367038e-01
501 -1
1.032482730115994e+02 2.453716922458663e+01 1.631713616836456e+01
-1.343858677155181e-01 -2.975289886747557e-01 -8.618380782362514e-01
502 -1
3.512850150787602e+01 1.245358857745854e+01 2.064246582233526e+01
-8.150657137603781e-02 -3.367007106597565e-01 4.666825071422972e-01
503 -1
8.220227772555473e+00 1.275982663618364e+00 1.134295706908994e+01
3.337432209894278e-01 3.779364984282206e-01 4.886759333746230e-01
504 -1
2.602035355008811e+01 1.835501783193836e+01 2.050069727363931e+00
5.637393723447979e-01 1.519043793934050e-02 -1.843235348785488e-01
505 -1
7.825983766568057e+00 2.137736263279880e+01 2.130226889917487e+01
-8.119729526827297e-01 -4.061378459832909e-01 1.139037852672778e-01
506 -1
5.772613322162031e+01 3.468479449856680e+00 5.053822135300766e+00
2.311589666053698e-01 3.711974438138458e-01 1.167235083849315e-01
507 -1
9.077116294798887e+01 2.199217148171781e+01 1.532678582150620e+01
-2.243121613744644e-01 1.748492116118489e-01 1.663318887196412e-01
508 -1
1.055107897792740e+02 1.863316868157433e+01 6.945263561433491e+00
3.556598652902799e-01 8.160823046903357e-01 3.600248095563106e-01
509 -1
4.537528510665946e+01 2.338878765278987e+01 2.173681671374528e+01
4.006574623420679e-01 1.966789555250245e-01 3.733704421529022e-01
510 -1
1.528806020878853e+01 1.168325681727882e+01 1.135652701132817e+01
6.413436436951335e-01 -5.549345420168821e-01 8.695600427966999e-02
511 -1
7.214004518392986e+01 9.678478535058304e+00 4.049544244269152e+00
-6.412380235031298e-01 3.301254419576383e-01 -2.364523445186497e-01
512 -1
2.052347038577957e+01 2.441889814608291e+01 7.211086565827308e-01
5.793415666759971e-02 6.785310839782141e-02 6.798514743841758e-02
513 -1
2.467672018226706e+01 2.054465628780283e+01 1.602741732802294e+01
2.308225468363294e-01 -5.190904690528546e-01 -3.294723391696990e-02
514 -1
2.796722206486267e+01 5.841087050286690e+00 1.805094281208026e+01
-1.446047323560171e-01 -7.174009676717974e-02 -1.286863659669830e-01
515 -1
4.612309093493575e+01 1.245098093754754e+00 2.107259072596606e+01
2.975883167814328e-01 5.280179144135499e-01 2.450985726441533e-01
516 -1
3.735359564535478e+01 1.924835981077721e+01 4.860244875195685e+00
1.996689190121838e-01 3.894801215110524e-01 -1.641424674785269e-01
517 -1
4.952343824088561e+01 9.045491802050353e+00 2.496939606204872e+00
-3.013810048839356e-01 5.449570283146876e-02 7.258523752455273e-01
518 -1
2.286848658179360e+01 3.320201308750194e+00 5.453456917952601e+00
-2.282836365074768e-01 -3.205849139600546e-02 1.127624358561614e-01
519 -1
1.614758122949249e+01 1.267916354349986e+00 2.086832355242842e+01
-1.965834150452046e-01 1.391411673043494e-01 8.803500269366481e-01
520 -1
7.999939027008769e+01 5.121606469713262e+00 1.912349235797787e+01
3.986439502701309e-01 5.420241887283206e-02 2.294855446213094e-01
521 -1
7.631617016489551e+01 8.370951357487630e+00 2.205801405974207e+00
7.800717670406339e-01 -1.595003569525577e-04 2.879089869717470e-01
522 -1
2.437595740371612e+01 1.001791202315096e+01 9.653904141474593e+00
-1.915891593715550e-01 3.087635954894561e-01 7.260343376285100e-01
523 -1
3.003700861785931e+01 1.788399179295296e+01 2.289436987693445e+01
-7.521142117925501e-01 -5.103655954125601e-01 -9.232907454568284e-02
524 -1
1.835147650723538e+01 2.414250352462810e+01 8.645176093063840e+00
-5.420345925592394e-01 -5.172793397199332e-02 2.994586859465649e-01
525 -1
5.859213419727163e+01 8.925693915625448e+00 2.188132420962183e+01
3.239945774361513e-01 -3.873158143739418e-01 -2.914354775452802e-01
526 -1
7.067427621075257e+01 2.547107360530384e+01 8.730009958841190e+00
-1.203969180964625e+00 -2.717853891332636e-01 -3.395666043114739e-01
527 -1
2.271232971499055e+01 1.605176744546901e+01 3.345367505116796e+00
3.959582339297912e-03 7.217925337813011e-01 2.757303656841183e-01
528 -1
8.189530202792216e+01 1.742302561932853e+01 5.685215102160366e+00
2.879931923792748e-01 -4.820137047711663e-01 7.010113831243950e-02
529 -1
1.661247493788330e+01 7.814733101941621e+00 5.511439026572968e+00
4.628981824211161e-01 -6.689152154277724e-01 3.630909411129468e-02
530 -1
1.212267636359673e+01 2.086967545657328e+00 4.438202818954790e+00
1.125744053613999e-01 1.268091504601853e-01 -3.977255398491303e-01
531 -1
3.048761505560201e+01 5.573973725653421e+00 1.422304937380687e+01
1.900441106016847e-01 -4.162167243789205e-03 -3.292663870074997e-01
532 -1
2.563503089488346e+01 2.350183226872902e+01 4.103258267836917e+00
4.666214400043804e-01 2.036492877762320e-01 -3.576243369904689e-01
533 -1
2.872629919099767e+01 2.359092055681240e+01 1.866352505142977e+01
1.619437069850205e-02 5.097861257802891e-01 1.837243199204393e-01
534 -1
4.462267960296067e+01 2.183806153718964e+01 4.702924784198022e+00
1.588518109226889e-01 -1.005966033055732e-01 3.561264393594669e-01
535 -1
4.045775323155721e+01 2.037316996428753e+01 2.499994432840093e+01
-6.044178049751485e-01 -1.096863745336982e-01 -3.128818033809878e-02
536 -1
2.262358215147308e+01 1.284438401377286e+01 2.173762909562823e+01
-3.116617450397089e-01 -8.343878918188996e-02 -2.569415452066885e-01
537 -1
3.270090743117635e+01 2.077378161106586e+01 8.810382604880331e+00
2.103275413704732e-01 2.026446611884697e-01 -4.203547988471506e-01
538 -1
2.398749458179240e+01 6.614190592171121e+00 1.186531820625933e+01
-5.582936727364778e-02 -7.496716126374892e-01 -4.254837249214861e-01
539 -1
9.550520412887262e+01 1.687367586170400e+01 2.346807708338273e+01
-2.619789718676485e-02 -8.440980396885388e-02 -6.590144166733784e-02
540 -1
3.228754009732162e+01 2.226285462815660e+01 1.289746729223316e+01
-1.272824534363106e-01 2.649558159808049e-01 -5.736578015855742e-01
541 -1
1.516459157788538e+01 2.405571405720759e+01 2.544696492765539e+01
-1.600170586236125e-01 2.569479995693327e-02 -1.556981435824731e-01
542 -1
5.674238325317889e+01 1.747933841723798e+01 2.086493585546416e+01
5.350204869917372e-01 -6.896073082856757e-01 7.028805021790807e-01
543 -1
3.579679283063464e+01 4.719720737769951e+00 1.792761053413286e+01
1.754254043303712e-01 4.414978404427357e-01 5.532735585569137e-02
544 -1
8.535888096665984e+01 1.279630089582102e+01 2.335463036032399e+01
-6.705529786944657e-02 -2.568795135321771e-01 -2.432246348913497e-01
545 7521
3.690283206872918e+01 9.854405760466344e+00 9.905235725311594e-01
3.654270360645020e-01 2.777981501245723e-01 -7.220541400428382e-04
546 -1
5.799125862032126e+01 1.296236325329481e+01 4.771146550334409e+00
1.842717720598981e-01 -6.814800507747806e-01 -5.043428138651100e-01
547 -1
5.246646292379053e+01 9.701669939205521e+00 1.116823482255484e+01
1.065259451828423e-01 7.465274614429440e-01 -4.684623800591757e-01
548 -1
1.093349297701216e+01 2.350599654678624e+01 2.470213228553089e+01
2.537019144522943e-01 -8.581057734144159e-01 -1.419642290617019e-01
549 7525
2.281549326106882e+01 2.517059835764468e+01 2.544425685954022e+01
-5.153605428389403e-01 5.519464690109755e-01 -1.028808631019267e+00
550 -1
8.796496170423397e+01 1.914834197008870e+01 1.204760045013141e+01
1.534578173043530e-01 -1.217794741582047e-01 1.816318592647284e-01
551 -1
3.420268128707672e+01 2.264932612754187e+00 1.707407215098567e+01
-1.629531401173619e-01 -3.791145374078574e-01 -1.844984783077626e-01
552 -1
3.144373187527924e+00 5.208065297634119e+00 2.820147045598530e+00
-2.895889701309555e-01 -1.927507146255515e-01 1.538837751649726e-01
553 -1
9.222432830397837e+00 8.177054198453503e+00 2.050527107874226e+01
4.399654008832792e-01 -6.614091843605054e-01 -1.447241031014234e-01
554 -1
2.098598940818874e+01 2.673307743502426e+00 2.221991597979205e+01
-7.784409111193458e-01 -2.876611715688149e-02 -4.956151319381035e-01
555 -1
1.667052643609770e+01 1.268949758428845e+01 2.474210825937988e+00
-1.652213863069107e-01 1.587442627832290e-01 1.534899507435840e-01
556 -1
2.924402995483132e+01 1.728212367551870e+01 2.561925866727806e+00
-2.389942020232429e-01 -6.778311058987241e-02 -1.798972111315105e-01
557 -1
4.224581345955030e+01 4.026687770629433e+00 7.579198992680166e+00
1.458424240675704e-01 -9.676602593723034e-01 -7.907801557956640e-01
558 -1
7.087751880702886e+00 2.493892436576801e+01 1.443900045100228e+01
3.436221436282172e-02 -2.700310891116072e-01 -3.814977741334117e-01
559 -1
4.448205877548521e+01 1.963230034390870e+00 2.239971602147416e+01
-5.970892344058248e-02 -6.246023202014266e-01 2.077127915593535e-01
560 -1
5.940684768178913e+01 1.060527146857181e+01 1.543986053478857e+01
3.187833590901373e-01 -3.398084877262991e-01 -8.240776610906452e-01
561 -1
5.337361995690109e+01 2.051072932772051e+01 2.557921026592024e+01
-1.044777422798047e-01 -2.718797906617057e-02 -8.942597288146725e-03
562 -1
2.847193149825416e+01 7.061621169316293e+00 1.965809736644774e+01
-5.497074042389469e-01 3.222988788168047e-01 5.470905914251164e-01
563 -1
3.109848067345936e+01 3.907904736412638e+00 3.269094620270009e+00
-9.298042283649437e-01 -3.259962505000386e-01 1.322201395912023e-01
564 -1
3.083109947750315e+01 1.645789127038391e+01 1.345203091535481e+01
9.497727097884479e-02 -4.048233040806321e-01 -5.166707181661266e-01
565 -1
1.677100228753064e+01 1.438325378815369e+01 2.375569157897479e+01
-3.686057078789400e-01 2.093669191178991e-01 3.559123705377903e-01
566 -1
3.164466753020854e+01 2.144493268840594e+01 2.795666492278705e+00
4.203153603033783e-01 -1.472008720835171e-01 -3.154351759492789e-01
567 -1
3.810654124195326e+01 4.508428917538436e+00 2.144836389745136e+01
2.910736849697259e-01 -3.256342411651987e-01 -1.878745867924110e-01
568 -1
2.032138992543643e+01 1.218569937854523e+01 4.257494526321400e+00
-1.814740048928321e-01 -2.760137977919980e-01 2.913195491476963e-02
569 -1
2.048298755542947e+01 1.928564618278857e+01 1.884642224196151e+01
2.514920432151797e-01 1.440999612794154e-01 1.996634043519999e-01
570 -1
7.727560587161047e+01 1.745014376436164e+01 8.620399842850992e+00
2.175468827982608e-01 -1.337474099433258e-01 -8.986203598728264e-02
571 -1
3.963905627216858e+01 1.608686223201478e+01 1.529329604295289e+01
2.271157351428401e-01 2.411497518297511e-01 3.444617816939504e-01
572 -1
2.469378610847809e+01 1.736676403300082e+01 5.464376305169623e+00
6.776630686070501e-02 3.029444659573897e-01 -5.379205271669810e-01
573 -1
1.076119106234476e+00 1.665930582165834e+01 1.795623911081250e+01
-6.675291661738724e-01 5.701604133895894e-01 2.089502026550902e-01
574 -1
3.497019913298085e+01 5.565137303068363e+00 3.039144921205478e+00
-6.451502758677626e-01 2.654831877167357e-01 -1.594622128473271e-01
575 -1
2.678936611628060e+01 2.459684362134925e+01 2.255803539783181e+01
-2.998341850428976e-02 -7.994230164987276e-02 1.842962614787927e-01
576 -1
2.093029105541792e+01 6.528483603908863e+00 2.121377508814851e+01
-4.625898246614259e-02 9.503292021082435e-01 -2.703790227895088e-02
577 -1
3.394009186163735e+01 1.099503875751476e+01 1.196632609926429e+01
-2.959108465746891e-01 1.229369375800093e-01 -5.590927965066717e-02
578 -1
2.024916603410634e+01 3.905969478168783e+00 1.372916625014092e+01
-1.085377262160858e-01 1.977264791445886e-01 7.269986203193590e-01
579 -1
2.793072370272085e+01 1.966156873122936e+01 1.968006618189402e+01
-3.336033154909256e-01 -5.714396507370956e-02 5.484210603005857e-02
580 -1
3.664814132177041e+01 1.672312178805891e+01 1.007001517681248e+01
-4.048313226554238e-01 1.470113099105974e-01 2.562761028554724e-01
581 -1
3.550993270753654e+01 2.029844880969879e+01 8.500353758215420e+00
1.610982724092382e-01 7.331174462911033e-02 6.008839476217931e-01
582 -1
9.334723545920559e+01 1.660744013978493e+00 1.886891057357534e+01
-2.748476569245537e-01 1.980020471519479e-01 2.420809839283997e-01
583 -1
3.177295683132439e+01 2.180290040165240e+01 6.400134120096573e+00
1.609511154490559e-01 4.149432490768402e-01 -2.178244338999931e-01
584 -1
2.568843527189982e+01 1.376625599880440e+01 1.041987706742850e+01
4.550711350068920e-02 5.496091076390325e-01 -1.368298814159497e-02
585 -1
3.201514740556028e+01 1.676132327421654e+01 2.308757761792089e+01
-2.837261194095582e-01 -2.048847566559556e-01 3.247771996853552e-01
586 -1
3.706876726635371e+01 1.605409660775386e+01 1.341158183016207e+01
4.386292961933379e-01 -4.117941864026166e-01 -4.422145927549497e-01
587 -1
2.821797283580700e+01 1.468183341060877e+01 2.141964693209565e+01
-2.509032763146417e-01 -7.516024392992535e-01 2.229445063384385e-01
588 -1
6.411744838053356e+01 2.095584732644379e+01 1.513472628876546e+01
1.777943684388554e-01 2.115815110603920e-01 -1.510846201459327e-01
589 -1
9.635805871785091e+01 1.852858851252206e+01 9.780024015181040e-01
2.717558918079546e-01 2.174978549712221e-01 1.600253693067291e-01
590 -1
2.861054184149063e+01 2.167871786587994e+01 6.380678437535249e+00
-2.308763622483440e-01 -5.267597442494094e-01 3.189599773319862e-01
591 -1
1.861821926472968e+01 1.388397807474039e+01 2.018842371526014e+01
-4.211637213519904e-01 3.798683240563798e-01 3.332575729295788e-01
592 -1
1.165762044044435e+01 6.874269455032387e+00 1.070430749636330e+01
4.313674426032442e-01 3.775063239287720e-01 2.909302965094872e-01
593 7569
1.624255346370158e+01 8.886349664765834e+00 2.591423603913426e+01
7.948415413284302e-01 -2.675363230448435e-02 7.280348607498857e-01
594 -1
1.656043204420845e+01 4.788177168989742e+00 1.175413861791741e+01
-1.658743702056238e-01 -1.082532825111703e+00 -3.395129241347926e-01
595 -1
2.370729034141468e+01 2.186274049122045e+01 2.366017901969460e+01
1.203684387380977e-02 1.648058677527557e-01 3.064918376468825e-01
596 -1
4.414205036071704e+01 7.543450908615014e+00 1.963206088576188e+01
-8.357567695839472e-01 2.073001077412684e-01 6.110236189577942e-02
597 -1
3.181766490085123e+01 2.187997092995960e+01 2.178000714065547e+01
5.112829626276504e-01 -3.535636787393325e-01 -4.715465837047704e-01
598 -1
3.381266916267248e+01 2.269123743254332e+01 1.902484226030908e+01
-1.545006504912483e-01 -8.649918555565600e-02 9.821722494020357e-03
599 -1
3.718244563035432e+01 1.850933058910791e+01 2.497571440183697e+01
9.547186731907409e-03 -1.320433309885462e-01 3.110100064697749e-01
600 -1
7.807417248274969e+01 1.124846328827871e+01 2.058360951599441e+01
-1.672736100194489e-01 -6.706176144798914e-01 5.699758920787730e-01
601 -1
1.980744296665515e+01 5.743645396651614e+00 1.846238900760828e+01
-8.263981436099332e-02 -2.721540118342968e-01 8.405440460798194e-01
602 -1
1.106604361909398e+01 1.492876441443797e+01 5.066916153917555e+00
7.201130348742460e-02 2.407679299095574e-01 2.348684623976354e-01
603 7579
1.049896886014768e+02 6.950108368976268e-01 2.086941631810647e+01
-1.274277744793218e-01 -1.266527594861729e-01 7.380674624663649e-01
604 -1
6.945639136948006e+01 1.116714181837620e+01 1.309761809796441e+00
-1.338926440078700e-01 1.362649679062534e-01 -6.453623784824687e-01
605 -1
3.383707581013987e+00 1.976073297892582e+00 2.483202384793601e+01
-5.239950924611413e-01 1.368125853391300e-01 -2.567442555394861e-02
606 -1
1.066382441647682e+02 2.007379929413041e+01 3.578725373031901e+00
6.030010321406831e-01 4.799868266697765e-01 -3.628064103114794e-01
607 -1
6.547376455718958e+01 1.203090403169909e+01 1.852242193255262e+01
-4.022248285847940e-01 -4.321684644237757e-01 1.700792476618718e-02
608 -1
2.230096792060111e+01 9.694623979490869e+00 1.587008440842969e+01
4.562268536644490e-01 1.724189699467986e-01 -1.438979004737773e-01
609 -1
1.795058231656271e+01 9.121291889480858e+00 2.189145733108172e+01
-3.898409316720503e-01 3.490552870144010e-01 4.080320467665549e-02
610 -1
3.876326586535358e+01 1.777441277317064e+01 3.581887235258683e+00
-5.062735158060226e-01 1.753231975463044e-01 -6.110458982801475e-01
611 -1
2.810580436331147e+01 5.592001539939821e+00 2.842533898024929e+00
-8.044052754046770e-01 3.094033669943782e-01 -4.736325671981927e-01
612 -1
2.401897186094432e+01 8.033829825206119e+00 4.332913619855882e+00
-4.494516610916686e-01 2.408118111320559e-01 1.862182639696858e-02
613 -1
1.851503775621124e+01 1.352143406205182e+01 1.814265738330785e+01
6.583839333760737e-02 -1.120202968039077e+00 -8.593026492945463e-01
614 -1
2.761315701746979e+01 1.543987605977145e+01 1.680809423580795e+01
-5.377593285104985e-01 -3.478613292122000e-01 -1.626796059484335e-01
615 -1
2.159524657366271e+01 1.794256838324480e+01 2.332808616371577e+01
-3.733256621688053e-01 -1.150174733210277e-01 8.206306433319753e-01
616 -1
2.957975351110946e+01 6.433536731191023e+00 1.028489980082858e+01
2.873329402402739e-01 -8.499855010010304e-02 4.009974266169734e-01
617 -1
3.271330449345833e+01 1.870173829742012e+01 1.102690704244914e+01
-3.208635593005614e-01 1.047639550471570e-01 3.916001676976547e-01
618 -1
2.860561206919857e+01 2.418254196361384e+01 2.118016981139866e+01
-2.261842960838312e-01 9.639163295140046e-01 1.057929891856438e-01
619 -1
1.291475243243894e+01 5.952906646255283e+00 1.894214963801489e+01
6.701716346095689e-01 6.187482224453261e-01 -2.706890347721896e-01
620 -1
1.156399520348442e+01 6.606920489269887e+00 2.456910613598328e+01
-3.584381093275447e-01 7.518996375285408e-01 8.771656317202774e-01
621 -1
1.431217285181470e+00 6.220682836201632e+00 1.461381064716936e+01
9.198302589121400e-02 8.979816505836949e-01 -5.413858517598187e-01
622 -1
1.158183905707771e+00 3.097285134528675e+00 1.234118035392171e+01
-4.297727820658630e-01 -5.705491886885876e-01 -3.827057464182753e-01
623 -1
2.037424997787144e+01 2.075121491886224e+01 1.655399859416972e+01
9.991268370389131e-02 2.854394935027070e-01 -1.298000097536456e-01
624 -1
3.875484905693812e+01 1.495667138574451e+01 1.445778750896144e+00
4.850247819955347e-02 2.893239137167548e-01 -1.999899797395942e-01
625 -1
2.642441514337703e+01 6.419791628900295e+00 2.018488810532579e+01
-3.358949779401587e-01 5.501598244803645e-02 6.433052328540958e-01
626 7602
2.955079580484421e+01 9.007396591428675e+00 5.044279847603621e-01
-2.520480452005027e-01 -1.366571464566242e-01 -1.709291986338059e-01
627 -1
9.751704023503379e+01 2.307442852354341e+01 2.329437696734794e+01
3.250249622854290e-01 7.472545622066160e-02 5.763725169192651e-01
628 -1
2.573862509690792e+01 3.099049275984531e+00 5.196694575019833e+00
-7.703064196745806e-01 -3.143755595519402e-01 -8.072531485755241e-01
629 -1
2.267192268080213e+01 1.070766936957431e+01 2.163807772287484e+01
6.895943936339766e-02 -2.256882208587773e-01 8.893016765392481e-02
630 -1
9.876845707445625e+01 2.144245223632585e+01 2.231977989028599e+01
-1.561172270573704e-01 -3.965968334356548e-02 7.360114640839824e-01
631 -1
1.962803936915862e+01 1.215596225501097e+01 2.451680743130371e+01
7.227052774879905e-02 4.276376288550678e-01 -4.305987433227917e-01
632 -1
1.060670052762327e+02 2.238496721858655e+01 2.281592700952870e+00
-4.813693700913687e-01 -1.808410664190549e-02 -5.697257068258375e-01
633 -1
3.895876894507204e+01 1.718250306379316e+01 1.866395318143923e+01
2.216819247836916e-01 -3.534051748872847e-01 6.366902704784904e-01
634 -1
6.482499869497286e+00 2.250092087552106e+01 2.114914915851998e+00
7.258061843958516e-02 -1.606948152881580e-01 -1.670521847126765e-01
635 -1
2.820630584916049e+01 8.459503722338372e+00 1.760209788544055e+01
9.169985109013380e-02 -1.524154688241951e-01 1.941695056676507e-01
636 -1
3.388657041683284e+01 5.148936029153169e+00 1.275429052199552e+00
5.074997307596923e-02 -3.153744782856234e-01 -7.074675986822071e-02
637 -1
2.482293754476376e+01 3.692474627146531e+00 1.826283950565835e+01
1.714488333076063e-01 5.990003371755737e-02 3.378689707539229e-02
638 -1
2.595746954720611e+01 1.942687048736995e+01 1.158445588928964e+01
-1.360597403510369e-03 -2.815468183888166e-01 -4.724897063344474e-01
639 -1
4.065125167252353e+01 1.330299361845990e+01 2.719610186890304e+00
-6.121878426663231e-01 -9.723154080395183e-02 6.719478691384160e-01
640 -1
7.204314660092098e+01 1.269204642178978e+01 2.457641033514121e+01
6.343445336812907e-01 -8.274848746512592e-02 2.568142769813492e-01
641 -1