12 12 24 4 100
0
0
0
0
0
0
0
0
0
0
0
0
0
0
0
0
0
0
0
0
0
0
0
0
0
0
0
0
0
0
0
0
0
0
0
0
0
0
0
0
0
0
0
0
0
0
0
0
0
0
0
0
0
0
0
0
0
0
0
0
0
0
0
0
0
0
0
0
0
0
0
0
0
0
0
0
0
0
0
0
0
0
0
0
0
0
0
0
0
0
0
0
0
0
0
0
0
0
0
0
0
0
0
0
0
0
0
0
0
0
0
0
0
0
0
0
0
0
0
0
0
0
0
0
0
0
0
0
0
0
0
0
0
0
0
0
0
0
0
0
0
0
0
0
0
0
0
0
0
0
1
1
5
0
2
1
1
2
2
1
2
3
0
0
0
0
0
0
0
0
0
0
0
0
5
1
9
7
4
5
4
2
3
8
1
11
0
0
0
0
0
0
0
0
0
0
0
0
9
8
10
8
6
2
5
6
11
8
7
9
0
0
0
0
0
0
0
0
0
0
0
0
11
9
8
11
9
10
13
7
11
9
9
8
0
0
0
0
0
0
0
0
0
0
0
0
11
9
16
9
10
16
18
8
7
10
17
10
0
0
0
0
0
0
0
0
0
0
0
0
58
60
62
57
48
61
55
68
44
41
61
57
0
0
0
0
0
0
0
0
0
0
0
0
0
0
0
0
0
0
0
0
0
0
0
0
0
0
0
0
0
0
0
0
0
0
0
0
0
0
0
0
0
0
0
0
0
0
0
0
0
0
0
0
0
0
0
0
0
0
0
0
0
0
0
0
0
0
0
0
0
0
0
0
0
0
0
0
0
0
0
0
0
0
0
0
0
0
0
0
0
0
0
0
0
0
0
0
0
0
0
0
0
0
0
0
0
0
0
0
0
0
0
0
0
0
0
0
0
0
0
0
0
0
0
0
0
0
0
0
0
0
0
0
0
0
0
0
0
0
0
0
0
0
0
0
0
0
0
0
0
0
0
0
0
0
0
0
11
18
6
11
10
6
7
5
4
10
8
14
0
0
0
0
0
0
0
0
0
0
0
0
23
29
31
32
20
32
30
34
25
28
23
28
0
0
0
0
0
0
0
0
0
0
0
0
60
47
35
42
53
56
57
36
46
50
35
58
0
0
0
0
0
0
0
0
0
0
0
0
68
63
49
43
59
68
39
58
73
57
46
73
0
0
0
0
0
0
0
0
0
0
0
0
79
73
54
61
59
56
72
87
75
68
68
73
0
0
0
0
0
0
0
0
0
0
0
0
351
356
354
348
303
301
320
307
294
313
351
344
0
0
0
0
0
0
0
0
0
0
0
0
0
0
0
0
0
0
0
0
0
0
0
0
0
0
0
0
0
0
0
0
0
0
0
0
0
0
0
0
0
0
0
0
0
0
0
0
0
0
0
0
0
0
0
0
0
0
0
0
0
0
0
0
0
0
0
0
0
0
0
0
0
0
0
0
0
0
0
0
0
0
0
0
0
0
0
0
0
0
0
0
0
0
0
0
0
0
0
0
0
0
0
0
0
0
0
0
0
0
0
0
0
0
0
0
0
0
0
0
0
0
0
0
0
0
0
0
0
0
0
0
0
0
0
0
0
0
0
0
0
0
0
0
0
0
0
0
0
0
0
0
0
0
0
0
21
18
20
16
22
21
22
24
23
14
20
26
0
0
0
0
0
0
0
0
0
0
0
0
56
54
49
54
60
47
52
47
54
63
53
61
0
0
0
0
0
0
0
0
0
0
0
0
82
102
91
87
94
82
89
102
74
95
89
95
0
0
0
0
0
0
0
0
0
0
0
0
122
117
119
114
110
113
84
112
115
113
107
109
0
0
0
0
0
0
0
0
0
0
0
0
130
116
111
124
97
97
98
115
116
120
133
155
0
0
0
0
0
0
0
0
0
0
0
0
650
656
619
594
538
601
513
597
574
629
634
677
0
0
0
0
0
0
0
0
0
0
0
0
0
0
0
0
0
0
0
0
0
0
0
0
0
0
0
0
0
0
0
0
0
0
0
0
0
0
0
0
0
0
0
0
0
0
0
0
0
0
0
0
0
0
0
0
0
0
0
0
0
0
0
0
0
0
0
0
0
0
0
0
0
0
0
0
0
0
0
0
0
0
0
0
0
0
0
0
0
0
0
0
0
0
0
0
0
0
0
0
0
0
0
0
0
0
0
0
0
0
0
0
0
0
0
0
0
0
0
0
0
0
0
0
0
0
0
0
0
0
0
0
0
0
0
0
0
0
0
0
0
0
0
0
0
0
0
0
0
0
0
0
0
0
0
0
30
26
25
33
31
22
26
21
41
29
29
19
0
0
0
0
0
0
0
0
0
0
0
0
81
69
73
59
72
71
72
73
71
78
67
55
0
0
0
0
0
0
0
0
0
0
0
0
102
121
113
118
102
103
121
86
105
116
95
125
0
0
0
0
0
0
0
0
0
0
0
0
149
132
130
127
105
109
116
110
138
117
136
152
0
0
0
0
0
0
0
0
0
0
0
0
168
169
149
131
116
101
96
143
121
130
142
159
0
0
0
0
0
0
0
0
0
0
0
0
760
680
666
588
575
579
538
585
573
697
712
761
0
0
0
0
0
0
0
0
0
0
0
0
0
0
0
0
0
0
0
0
0
0
0
0
0
0
0
0
0
0
0
0
0
0
0
0
0
0
0
0
0
0
0
0
0
0
0
0
0
0
0
0
0
0
0
0
0
0
0
0
0
0
0
0
0
0
0
0
0
0
0
0
0
0
0
0
0
0
0
0
0
0
0
0
0
0
0
0
0
0
0
0
0
0
0
0
0
0
0
0
0
0
0
0
0
0
0
0
0
0
0
0
0
0
0
0
0
0
0
0
0
0
0
0
0
0
0
0
0
0
0
0
0
0
0
0
0
0
0
0
0
0
0
0
0
0
0
0
0
0
0
0
0
0
0
0
23
27
13
23
21
23
20
17
20
14
18
22
0
0
0
0
0
0
0
0
0
0
0
0
60
79
59
68
68
68
59
65
68
58
59
58
0
0
0
0
0
0
0
0
0
0
0
0
90
95
90
90
73
68
98
86
81
76
98
100
0
0
0
0
0
0
0
0
0
0
0
0
119
101
88
89
91
82
73
78
91
138
118
132
0
0
0
0
0
0
0
0
0
0
0
0
150
129
113
99
85
76
75
92
69
119
120
129
0
0
0
0
0
0
0
0
0
0
0
0
635
537
501
430
397
382
386
392
469
566
570
596
0
0
0
0
0
0
0
0
0
0
0
0
0
0
0
0
0
0
0
0
0
0
0
0
0
0
0
0
0
0
0
0
0
0
0
0
0
0
0
0
0
0
0
0
0
0
0
0
0
0
0
0
0
0
0
0
0
0
0
0
0
0
0
0
0
0
0
0
0
0
0
0
0
0
0
0
0
0
0
0
0
0
0
0
0
0
0
0
0
0
0
0
0
0
0
0
0
0
0
0
0
0
0
0
0
0
0
0
0
0
0
0
0
0
0
0
0
0
0
0
0
0
0
0
0
0
0
0
0
0
0
0
0
0
0
0
0
0
0
0
0
0
0
0
0
0
0
0
0
0
0
0
0
0
0
0
9
15
12
16
12
15
12
17
15
15
16
14
0
0
0
0
0
0
0
0
0
0
0
0
60
32
47
37
46
44
40
32
30
39
35
46
0
0
0
0
0
0
0
0
0
0
0
0
61
64
41
52
54
46
31
40
45
41
60
60
0
0
0
0
0
0
0
0
0
0
0
0
81
68
53
56
48
48
47
53
58
65
68
71
0
0
0
0
0
0
0
0
0
0
0
0
76
84
67
55
47
37
46
39
57
50
84
94
0
0
0
0
0
0
0
0
0
0
0
0
387
374
314
243
188
186
211
203
276
316
343
388
0
0
0
0
0
0
0
0
0
0
0
0
0
0
0
0
0
0
0
0
0
0
0
0
0
0
0
0
0
0
0
0
0
0
0
0
0
0
0
0
0
0
0
0
0
0
0
0
0
0
0
0
0
0
0
0
0
0
0
0
0
0
0
0
0
0
0
0
0
0
0
0
0
0
0
0
0
0
0
0
0
0
0
0
0
0
0
0
0
0
0
0
0
0
0
0
0
0
0
0
0
0
0
0
0
0
0
0
0
0
0
0
0
0
0
0
0
0
0
0
0
0
0
0
0
0
0
0
0
0
0
0
0
0
0
0
0
0
0
0
0
0
0
0
0
0
0
0
0
0
0
0
0
0
0
0
11
8
10
8
8
6
5
9
6
4
6
8
0
0
0
0
0
0
0
0
0
0
0
0
21
17
22
22
18
18
22
15
20
18
18
30
0
0
0
0
0
0
0
0
0
0
0
0
32
33
20
27
19
26
23
26
22
28
27
45
0
0
0
0
0
0
0
0
0
0
0
0
36
48
26
33
17
15
23
18
29
26
31
38
0
0
0
0
0
0
0
0
0
0
0
0
47
28
35
19
17
15
12
18
22
27
37
39
0
0
0
0
0
0
0
0
0
0
0
0
174
171
126
103
73
66
72
81
108
120
158
190
0
0
0
0
0
0
0
0
0
0
0
0
0
0
0
0
0
0
0
0
0
0
0
0
0
0
0
0
0
0
0
0
0
0
0
0
0
0
0
0
0
0
0
0
0
0
0
0
0
0
0
0
0
0
0
0
0
0
0
0
0
0
0
0
0
0
0
0
0
0
0
0
0
0
0
0
0
0
0
0
0
0
0
0
0
0
0
0
0
0
0
0
0
0
0
0
0
0
0
0
0
0
0
0
0
0
0
0
0
0
0
0
0
0
0
0
0
0
0
0
0
0
0
0
0
0
0
0
0
0
0
0
0
0
0
0
0
0
0
0
0
0
0
0
0
0
0
0
0
0
0
0
0
0
0
0
1
3
2
2
5
2
6
7
7
0
4
1
0
0
0
0
0
0
0
0
0
0
0
0
14
6
7
11
5
5
10
6
6
5
16
11
0
0
0
0
0
0
0
0
0
0
0
0
17
14
12
11
10
5
5
7
12
12
13
11
0
0
0
0
0
0
0
0
0
0
0
0
12
16
11
9
12
5
8
8
8
9
19
21
0
0
0
0
0
0
0
0
0
0
0
0
17
10
11
5
4
7
1
9
10
10
17
15
0
0
0
0
0
0
0
0
0
0
0
0
65
53
59
43
31
22
26
33
35
78
62
95
0
0
0
0
0
0
0
0
0
0
0
0
0
0
0
0
0
0
0
0
0
0
0
0
0
0
0
0
0
0
0
0
0
0
0
0
0
0
0
0
0
0
0
0
0
0
0
0
0
0
0
0
0
0
0
0
0
0
0
0
0
0
0
0
0
0
0
0
0
0
0
0
0
0
0
0
0
0
0
0
0
0
0
0
0
0
0
0
0
0
0
0
0
0
0
0
0
0
0
0
0
0
0
0
0
0
0
0
0
0
0
0
0
0
0
0
0
0
0
0
0
0
0
0
0
0
0
0
0
0
0
0
0
0
0
0
0
0
0
0
0
0
0
0
0
0
0
0
0
0
0
0
0
0
0
0
1
0
2
2
4
1
0
1
1
1
4
2
0
0
0
0
0
0
0
0
0
0
0
0
3
3
4
6
1
3
2
3
2
2
2
2
0
0
0
0
0
0
0
0
0
0
0
0
3
7
7
2
2
3
1
2
5
1
4
7
0
0
0
0
0
0
0
0
0
0
0
0
7
5
3
3
1
0
6
2
3
2
2
6
0
0
0
0
0
0
0
0
0
0
0
0
7
4
4
0
3
0
0
1
2
2
8
10
0
0
0
0
0
0
0
0
0
0
0
0
19
22
21
16
6
9
8
9
10
7
30
26
0
0
0
0
0
0
0
0
0
0
0
0
0
0
0
0
0
0
0
0
0
0
0
0
0
0
0
0
0
0
0
0
0
0
0
0
0
0
0
0
0
0
0
0
0
0
0
0
0
0
0
0
0
0
0
0
0
0
0
0
0
0
0
0
0
0
0
0
0
0
0
0
0
0
0
0
0
0
0
0
0
0
0
0
0
0
0
0
0
0
0
0
0
0
0
0
0
0
0
0
0
0
0
0
0
0
0
0
0
0
0
0
0
0
0
0
0
0
0
0
0
0
0
0
0
0
0
0
0
0
0
0
0
0
0
0
0
0
0
0
0
0
0
0
0
0
0
0
0
0
0
0
0
0
0
0
0
1
0
0
0
0
0
0
0
1
0
0
0
0
0
0
0
0
0
0
0
0
0
0
0
2
1
0
0
3
1
0
0
0
3
0
0
0
0
0
0
0
0
0
0
0
0
0
2
1
0
1
1
1
2
0
0
1
1
2
0
0
0
0
0
0
0
0
0
0
0
0
1
0
2
0
0
1
0
0
0
3
1
2
0
0
0
0
0
0
0
0
0
0
0
0
2
2
4
1
3
0
0
0
1
2
0
3
0
0
0
0
0
0
0
0
0
0
0
0
7
11
3
10
4
5
2
3
1
1
15
17
0
0
0
0
0
0
0
0
0
0
0
0
0
0
0
0
0
0
0
0
0
0
0
0
0
0
0
0
0
0
0
0
0
0
0
0
0
0
0
0
0
0
0
0
0
0
0
0
0
0
0
0
0
0
0
0
0
0
0
0
0
0
0
0
0
0
0
0
0
0
0
0
0
0
0
0
0
0
0
0
0
0
0
0
0
0
0
0
0
0
0
0
0
0
0
0
0
0
0
0
0
0
0
0
0
0
0
0
0
0
0
0
0
0
0
0
0
0
0
0
0
0
0
0
0
0
0
0
0
0
0
0
0
0
0
0
0
0
0
0
0
0
0
0
0
0
0
0
0
0
0
0
0
0
0
0
0
0
0
0
0
0
0
0
0
0
0
0
0
0
0
0
0
0
0
0
0
0
0
0
2
0
0
2
2
0
0
0
1
0
0
1
0
0
0
0
0
0
0
0
0
0
0
0
1
0
0
0
0
0
1
0
0
0
0
2
0
0
0
0
0
0
0
0
0
0
0
0
1
0
0
0
0
0
0
0
1
0
0
1
0
0
0
0
0
0
0
0
0
0
0
0
1
2
3
1
0
0
0
0
0
1
1
0
0
0
0
0
0
0
0
0
0
0
0
0
4
5
4
5
3
1
0
0
3
0
5
1
0
0
0
0
0
0
0
0
0
0
0
0
0
0
0
0
0
0
0
0
0
0
0
0
0
0
0
0
0
0
0
0
0
0
0
0
0
0
0
0
0
0
0
0
0
0
0
0
0
0
0
0
0
0
0
0
0
0
0
0
0
0
0
0
0
0
0
0
0
0
0
0
0
0
0
0
0
0
0
0
0
0
0
0
0
0
0
0
0
0
0
0
0
0
0
0
0
0
0
0
0
0
0
0
0
0
0
0
0
0
0
0
0
0
0
0
0
0
0
0
0
0
0
0
0
0
0
0
0
0
0
0
0
0
0
0
0
0
0
0
0
0
0
0
0
0
0
0
0
0
0
0
0
0
0
0
0
0
0
1
0
0
0
0
0
0
0
1
0
0
0
0
0
0
0
0
0
0
0
0
1
0
0
1
0
1
1
0
1
1
0
0
0
0
0
0
0
0
0
0
0
0
0
0
4
0
1
1
0
1
0
0
1
0
1
6
0
0
0
0
0
0
0
0
0
0
0
0
2
3
0
2
0
0
0
0
0
0
1
7
0
0
0
0
0
0
0
0
0
0
0
0
1
3
3
5
2
0
0
0
0
0
1
3
0
0
0
0
0
0
0
0
0
0
0
0
9
5
23
16
1
1
0
0
1
2
1
13
0
0
0
0
0
0
