12 12 24 4 100
0
0
0
0
0
0
0
0
0
0
0
0
0
0
0
0
0
0
0
0
0
0
0
0
0
0
0
0
0
0
0
0
0
0
0
0
0
0
0
0
0
0
0
0
0
0
0
0
0
0
0
0
0
0
0
0
0
0
0
0
0
0
0
0
0
0
0
0
0
0
0
0
0
0
0
0
0
0
0
0
0
0
0
0
0
0
0
0
0
0
0
0
0
0
0
0
0
0
0
0
0
0
0
0
0
0
0
0
0
0
0
0
0
0
0
0
0
0
0
0
0
0
0
0
0
0
0
0
0
0
0
0
0
0
0
0
0
0
0
0
0
0
0
0
0
0
0
0
0
0
0
1
2
0
1
4
4
0
1
1
2
0
0
0
0
0
0
0
0
0
0
0
0
0
6
2
5
4
6
6
6
8
6
5
3
7
0
0
0
0
0
0
0
0
0
0
0
0
7
4
5
5
8
6
7
9
6
10
10
8
0
0
0
0
0
0
0
0
0
0
0
0
12
9
9
8
8
3
12
10
4
14
13
5
0
0
0
0
0
0
0
0
0
0
0
0
10
7
15
6
7
13
9
16
10
14
10
13
0
0
0
0
0
0
0
0
0
0
0
0
48
67
66
51
48
58
49
70
62
79
61
54
0
0
0
0
0
0
0
0
0
0
0
0
0
0
0
0
0
0
0
0
0
0
0
0
0
0
0
0
0
0
0
0
0
0
0
0
0
0
0
0
0
0
0
0
0
0
0
0
0
0
0
0
0
0
0
0
0
0
0
0
0
0
0
0
0
0
0
0
0
0
0
0
0
0
0
0
0
0
0
0
0
0
0
0
0
0
0
0
0
0
0
0
0
0
0
0
0
0
0
0
0
0
0
0
0
0
0
0
0
0
0
0
0
0
0
0
0
0
0
0
0
0
0
0
0
0
0
0
0
0
0
0
0
0
0
0
0
0
0
0
0
0
0
0
0
0
0
0
0
0
0
0
0
0
0
0
3
8
5
10
14
5
9
8
9
11
8
4
0
0
0
0
0
0
0
0
0
0
0
0
29
20
21
30
22
18
23
23
20
19
26
24
0
0
0
0
0
0
0
0
0
0
0
0
35
34
33
51
38
42
43
32
36
38
33
32
0
0
0
0
0
0
0
0
0
0
0
0
44
50
35
52
45
46
45
47
67
50
59
50
0
0
0
0
0
0
0
0
0
0
0
0
64
58
57
70
47
60
57
67
55
38
49
59
0
0
0
0
0
0
0
0
0
0
0
0
331
336
361
329
328
325
349
324
344
350
315
323
0
0
0
0
0
0
0
0
0
0
0
0
0
0
0
0
0
0
0
0
0
0
0
0
0
0
0
0
0
0
0
0
0
0
0
0
0
0
0
0
0
0
0
0
0
0
0
0
0
0
0
0
0
0
0
0
0
0
0
0
0
0
0
0
0
0
0
0
0
0
0
0
0
0
0
0
0
0
0
0
0
0
0
0
0
0
0
0
0
0
0
0
0
0
0
0
0
0
0
0
0
0
0
0
0
0
0
0
0
0
0
0
0
0
0
0
0
0
0
0
0
0
0
0
0
0
0
0
0
0
0
0
0
0
0
0
0
0
0
0
0
0
0
0
0
0
0
0
0
0
0
0
0
0
0
0
12
17
11
14
15
20
13
8
17
22
11
20
0
0
0
0
0
0
0
0
0
0
0
0
51
42
50
46
36
49
47
52
36
50
43
49
0
0
0
0
0
0
0
0
0
0
0
0
66
60
76
70
52
70
57
67
77
66
73
68
0
0
0
0
0
0
0
0
0
0
0
0
98
89
85
99
93
83
87
75
91
76
88
95
0
0
0
0
0
0
0
0
0
0
0
0
135
116
117
110
91
101
105
97
114
104
119
101
0
0
0
0
0
0
0
0
0
0
0
0
696
644
652
624
616
631
628
626
560
687
681
718
0
0
0
0
0
0
0
0
0
0
0
0
0
0
0
0
0
0
0
0
0
0
0
0
0
0
0
0
0
0
0
0
0
0
0
0
0
0
0
0
0
0
0
0
0
0
0
0
0
0
0
0
0
0
0
0
0
0
0
0
0
0
0
0
0
0
0
0
0
0
0
0
0
0
0
0
0
0
0
0
0
0
0
0
0
0
0
0
0
0
0
0
0
0
0
0
0
0
0
0
0
0
0
0
0
0
0
0
0
0
0
0
0
0
0
0
0
0
0
0
0
0
0
0
0
0
0
0
0
0
0
0
0
0
0
0
0
0
0
0
0
0
0
0
0
0
0
0
0
0
0
0
0
0
0
0
17
17
13
20
10
11
12
21
18
20
21
8
0
0
0
0
0
0
0
0
0
0
0
0
42
42
53
35
35
43
46
51
41
48
56
42
0
0
0
0
0
0
0
0
0
0
0
0
87
77
73
70
79
59
54
65
72
63
93
89
0
0
0
0
0
0
0
0
0
0
0
0
96
107
92
93
93
82
103
96
94
104
99
101
0
0
0
0
0
0
0
0
0
0
0
0
133
131
110
100
106
128
76
96
110
105
124
115
0
0
0
0
0
0
0
0
0
0
0
0
835
753
731
764
664
640
681
689
751
725
748
782
0
0
0
0
0
0
0
0
0
0
0
0
0
0
0
0
0
0
0
0
0
0
0
0
0
0
0
0
0
0
0
0
0
0
0
0
0
0
0
0
0
0
0
0
0
0
0
0
0
0
0
0
0
0
0
0
0
0
0
0
0
0
0
0
0
0
0
0
0
0
0
0
0
0
0
0
0
0
0
0
0
0
0
0
0
0
0
0
0
0
0
0
0
0
0
0
0
0
0
0
0
0
0
0
0
0
0
0
0
0
0
0
0
0
0
0
0
0
0
0
0
0
0
0
0
0
0
0
0
0
0
0
0
0
0
0
0
0
0
0
0
0
0
0
0
0
0
0
0
0
0
0
0
0
0
0
11
7
9
13
11
2
10
8
11
8
13
11
0
0
0
0
0
0
0
0
0
0
0
0
37
35
33
30
38
25
37
40
34
35
36
33
0
0
0
0
0
0
0
0
0
0
0
0
59
64
46
50
52
51
56
54
55
49
50
61
0
0
0
0
0
0
0
0
0
0
0
0
62
65
78
60
53
69
50
86
63
65
74
85
0
0
0
0
0
0
0
0
0
0
0
0
83
90
90
91
73
60
62
71
77
91
95
101
0
0
0
0
0
0
0
0
0
0
0
0
646
694
632
576
508
523
495
510
528
586
646
648
0
0
0
0
0
0
0
0
0
0
0
0
0
0
0
0
0
0
0
0
0
0
0
0
0
0
0
0
0
0
0
0
0
0
0
0
0
0
0
0
0
0
0
0
0
0
0
0
0
0
0
0
0
0
0
0
0
0
0
0
0
0
0
0
0
0
0
0
0
0
0
0
0
0
0
0
0
0
0
0
0
0
0
0
0
0
0
0
0
0
0
0
0
0
0
0
0
0
0
0
0
0
0
0
0
0
0
0
0
0
0
0
0
0
0
0
0
0
0
0
0
0
0
0
0
0
0
0
0
0
0
0
0
0
0
0
0
0
0
0
0
0
0
0
0
0
0
0
0
0
0
0
0
0
0
0
6
8
6
7
3
5
8
8
11
6
5
10
0
0
0
0
0
0
0
0
0
0
0
0
19
21
18
26
21
23
23
19
19
12
24
21
0
0
0
0
0
0
0
0
0
0
0
0
37
37
25
32
25
30
28
29
37
39
45
42
0
0
0
0
0
0
0
0
0
0
0
0
43
40
43
31
26
32
32
38
28
47
34
40
0
0
0
0
0
0
0
0
0
0
0
0
46
60
45
31
29
30
39
42
44
46
49
36
0
0
0
0
0
0
0
0
0
0
0
0
421
425
410
319
310
274
267
288
316
373
383
415
0
0
0
0
0
0
0
0
0
0
0
0
0
0
0
0
0
0
0
0
0
0
0
0
0
0
0
0
0
0
0
0
0
0
0
0
0
0
0
0
0
0
0
0
0
0
0
0
0
0
0
0
0
0
0
0
0
0
0
0
0
0
0
0
0
0
0
0
0
0
0
0
0
0
0
0
0
0
0
0
0
0
0
0
0
0
0
0
0
0
0
0
0
0
0
0
0
0
0
0
0
0
0
0
0
0
0
0
0
0
0
0
0
0
0
0
0
0
0
0
0
0
0
0
0
0
0
0
0
0
0
0
0
0
0
0
0
0
0
0
0
0
0
0
0
0
0
0
0
0
0
0
0
0
0
0
4
3
4
4
2
1
3
3
2
5
3
4
0
0
0
0
0
0
0
0
0
0
0
0
7
11
8
7
4
7
9
11
11
10
14
8
0
0
0
0
0
0
0
0
0
0
0
0
10
16
11
13
11
9
4
16
7
14
8
13
0
0
0
0
0
0
0
0
0
0
0
0
12
25
19
18
16
11
13
6
25
18
21
25
0
0
0
0
0
0
0
0
0
0
0
0
23
27
19
17
11
19
17
11
20
17
26
19
0
0
0
0
0
0
0
0
0
0
0
0
215
184
196
161
134
130
109
135
146
182
171
215
0
0
0
0
0
0
0
0
0
0
0
0
0
0
0
0
0
0
0
0
0
0
0
0
0
0
0
0
0
0
0
0
0
0
0
0
0
0
0
0
0
0
0
0
0
0
0
0
0
0
0
0
0
0
0
0
0
0
0
0
0
0
0
0
0
0
0
0
0
0
0
0
0
0
0
0
0
0
0
0
0
0
0
0
0
0
0
0
0
0
0
0
0
0
0
0
0
0
0
0
0
0
0
0
0
0
0
0
0
0
0
0
0
0
0
0
0
0
0
0
0
0
0
0
0
0
0
0
0
0
0
0
0
0
0
0
0
0
0
0
0
0
0
0
0
0
0
0
0
0
0
0
0
0
0
0
2
0
0
1
0
0
0
1
2
0
0
0
0
0
0
0
0
0
0
0
0
0
0
0
3
2
5
3
8
5
3
1
5
1
6
4
0
0
0
0
0
0
0
0
0
0
0
0
3
4
6
2
1
2
7
4
4
8
5
5
0
0
0
0
0
0
0
0
0
0
0
0
4
9
7
1
3
4
5
5
8
6
6
9
0
0
0
0
0
0
0
0
0
0
0
0
9
4
7
4
5
4
3
6
6
7
8
17
0
0
0
0
0
0
0
0
0
0
0
0
87
75
55
57
32
41
45
66
44
76
63
61
0
0
0
0
0
0
0
0
0
0
0
0
0
0
0
0
0
0
0
0
0
0
0
0
0
0
0
0
0
0
0
0
0
0
0
0
0
0
0
0
0
0
0
0
0
0
0
0
0
0
0
0
0
0
0
0
0
0
0
0
0
0
0
0
0
0
0
0
0
0
0
0
0
0
0
0
0
0
0
0
0
0
0
0
0
0
0
0
0
0
0
0
0
0
0
0
0
0
0
0
0
0
0
0
0
0
0
0
0
0
0
0
0
0
0
0
0
0
0
0
0
0
0
0
0
0
0
0
0
0
0
0
0
0
0
0
0
0
0
0
0
0
0
0
0
0
0
0
0
0
0
0
0
0
0
0
0
0
0
0
0
2
0
0
1
2
0
0
0
0
0
0
0
0
0
0
0
0
0
0
0
1
0
0
4
1
1
1
1
2
2
1
0
0
0
0
0
0
0
0
0
0
0
0
1
1
1
1
2
3
1
4
3
1
0
1
0
0
0
0
0
0
0
0
0
0
0
0
1
2
6
4
1
1
0
4
3
2
1
2
0
0
0
0
0
0
0
0
0
0
0
0
2
6
2
0
1
2
3
1
2
0
2
3
0
0
0
0
0
0
0
0
0
0
0
0
29
22
23
12
12
10
14
13
20
21
22
20
0
0
0
0
0
0
0
0
0
0
0
0
0
0
0
0
0
0
0
0
0
0
0
0
0
0
0
0
0
0
0
0
0
0
0
0
0
0
0
0
0
0
0
0
0
0
0
0
0
0
0
0
0
0
0
0
0
0
0
0
0
0
0
0
0
0
0
0
0
0
0
0
0
0
0
0
0
0
0
0
0
0
0
0
0
0
0
0
0
0
0
0
0
0
0
0
0
0
0
0
0
0
0
0
0
0
0
0
0
0
0
0
0
0
0
0
0
0
0
0
0
0
0
0
0
0
0
0
0
0
0
0
0
0
0
0
0
0
0
0
0
0
0
0
0
0
0
0
0
0
0
0
0
0
0
0
0
0
0
0
0
0
0
0
0
0
0
0
0
0
0
0
0
0
0
0
0
0
0
0
0
0
0
0
0
0
0
0
0
0
0
1
0
0
0
0
0
0
0
0
0
0
0
0
2
0
0
0
0
0
1
1
0
0
0
0
0
0
0
0
0
0
0
0
0
0
0
0
0
0
0
1
0
0
0
0
1
0
0
1
0
0
0
0
0
0
0
0
0
0
0
0
0
0
2
2
1
0
1
0
0
0
1
2
0
0
0
0
0
0
0
0
0
0
0
0
7
4
7
4
4
2
6
4
3
7
9
4
0
0
0
0
0
0
0
0
0
0
0
0
0
0
0
0
0
0
0
0
0
0
0
0
0
0
0
0
0
0
0
0
0
0
0
0
0
0
0
0
0
0
0
0
0
0
0
0
0
0
0
0
0
0
0
0
0
0
0
0
0
0
0
0
0
0
0
0
0
0
0
0
0
0
0
0
0
0
0
0
0
0
0
0
0
0
0
0
0
0
0
0
0
0
0
0
0
0
0
0
0
0
0
0
0
0
0
0
0
0
0
0
0
0
0
0
0
0
0
0
0
0
0
0
0
0
0
0
0
0
0
0
0
0
0
0
0
0
0
0
0
0
0
0
0
0
0
0
0
0
0
0
0
0
0
0
0
0
0
0
0
0
0
0
0
0
0
0
0
0
0
0
0
0
0
0
0
0
0
0
0
0
0
0
0
0
0
0
0
0
0
0
0
0
0
0
0
0
0
0
0
0
0
0
0
1
0
0
0
0
0
0
0
0
0
0
0
0
0
0
0
0
0
0
0
0
0
0
0
0
0
1
0
0
0
0
0
0
0
0
0
0
0
0
0
0
0
0
0
0
0
0
0
0
0
0
0
0
0
0
0
0
0
1
0
0
0
0
0
0
0
0
0
0
0
0
2
1
2
1
1
0
0
2
0
3
4
0
0
0
0
0
0
0
0
0
0
0
0
0
0
0
0
0
0
0
0
0
0
0
0
0
0
0
0
0
0
0
0
0
0
0
0
0
0
0
0
0
0
0
0
0
0
0
0
0
0
0
0
0
0
0
0
0
0
0
0
0
0
0
0
0
0
0
0
0
0
0
0
0
0
0
0
0
0
0
0
0
0
0
0
0
0
0
0
0
0
0
0
0
0
0
0
0
0
0
0
0
0
0
0
0
0
0
0
0
0
0
0
0
0
0
0
0
0
0
0
0
0
0
0
0
0
0
0
0
0
0
0
0
0
0
0
0
0
0
0
0
0
0
0
0
0
0
0
0
0
0
0
0
0
0
0
0
0
0
0
0
0
0
0
0
0
0
0
0
0
0
0
0
0
0
0
0
0
0
0
0
0
0
0
0
0
0
0
0
0
0
0
0
0
0
0
0
0
0
0
0
0
0
0
0
0
0
0
0
0
0
0
0
0
0
0
0
0
0
0
0
0
0
0
0
0
0
0
0
0
1
0
0
0
0
0
0
0
0
0
0
0
0
0
0
0
0
0
0
0
0
0
0
0
0
0
0
0
0
0
0
0
0
0
0
0
0
0
0
0
0
0
0
0
0
0
0
1
0
0
0
0
0
0
0
0
0
1
3
0
0
0
0
0
0
