12 12 24 4 100
0
0
0
0
0
0
0
0
0
0
0
0
0
0
0
0
0
0
0
0
0
0
0
0
0
0
0
0
0
0
0
0
0
0
0
0
0
0
0
0
0
0
0
0
0
0
0
0
0
0
0
0
0
0
0
0
0
0
0
0
0
0
0
0
0
0
0
0
0
0
0
0
0
0
0
0
0
0
0
0
0
0
0
0
0
0
0
0
0
0
0
0
0
0
0
0
0
0
0
0
0
0
0
0
0
0
0
0
0
0
0
0
0
0
0
0
0
0
0
0
0
0
0
0
0
0
0
0
0
0
0
0
0
0
0
0
0
0
0
0
0
0
0
0
0
0
0
0
0
0
3
2
2
0
5
1
2
1
1
2
2
3
0
0
0
0
0
0
0
0
0
0
0
0
5
4
8
3
3
6
4
2
4
2
8
9
0
0
0
0
0
0
0
0
0
0
0
0
7
5
11
2
4
3
8
4
10
5
9
10
0
0
0
0
0
0
0
0
0
0
0
0
6
12
9
9
8
9
10
9
7
6
9
9
0
0
0
0
0
0
0
0
0
0
0
0
14
9
14
11
8
12
6
9
17
8
9
10
0
0
0
0
0
0
0
0
0
0
0
0
77
64
65
57
63
52
57
37
49
57
65
66
0
0
0
0
0
0
0
0
0
0
0
0
0
0
0
0
0
0
0
0
0
0
0
0
0
0
0
0
0
0
0
0
0
0
0
0
0
0
0
0
0
0
0
0
0
0
0
0
0
0
0
0
0
0
0
0
0
0
0
0
0
0
0
0
0
0
0
0
0
0
0
0
0
0
0
0
0
0
0
0
0
0
0
0
0
0
0
0
0
0
0
0
0
0
0
0
0
0
0
0
0
0
0
0
0
0
0
0
0
0
0
0
0
0
0
0
0
0
0
0
0
0
0
0
0
0
0
0
0
0
0
0
0
0
0
0
0
0
0
0
0
0
0
0
0
0
0
0
0
0
0
0
0
0
0
0
11
13
8
5
10
7
10
11
6
8
8
9
0
0
0
0
0
0
0
0
0
0
0
0
21
20
24
26
30
22
22
30
21
24
34
26
0
0
0
0
0
0
0
0
0
0
0
0
52
45
31
33
38
37
36
32
34
29
34
37
0
0
0
0
0
0
0
0
0
0
0
0
54
63
54
55
56
36
59
38
41
59
46
49
0
0
0
0
0
0
0
0
0
0
0
0
60
64
51
57
67
58
46
49
59
47
52
62
0
0
0
0
0
0
0
0
0
0
0
0
308
360
316
338
291
287
317
290
336
332
333
354
0
0
0
0
0
0
0
0
0
0
0
0
0
0
0
0
0
0
0
0
0
0
0
0
0
0
0
0
0
0
0
0
0
0
0
0
0
0
0
0
0
0
0
0
0
0
0
0
0
0
0
0
0
0
0
0
0
0
0
0
0
0
0
0
0
0
0
0
0
0
0
0
0
0
0
0
0
0
0
0
0
0
0
0
0
0
0
0
0
0
0
0
0
0
0
0
0
0
0
0
0
0
0
0
0
0
0
0
0
0
0
0
0
0
0
0
0
0
0
0
0
0
0
0
0
0
0
0
0
0
0
0
0
0
0
0
0
0
0
0
0
0
0
0
0
0
0
0
0
0
0
0
0
0
0
0
13
17
14
10
22
12
14
12
10
11
16
13
0
0
0
0
0
0
0
0
0
0
0
0
33
42
47
52
33
53
42
46
44
43
37
49
0
0
0
0
0
0
0
0
0
0
0
0
82
70
65
74
57
62
67
66
65
72
79
69
0
0
0
0
0
0
0
0
0
0
0
0
97
85
81
73
106
79
84
89
82
104
82
99
0
0
0
0
0
0
0
0
0
0
0
0
115
105
95
109
94
116
79
85
130
84
114
135
0
0
0
0
0
0
0
0
0
0
0
0
701
643
638
612
575
546
504
617
627
616
698
623
0
0
0
0
0
0
0
0
0
0
0
0
0
0
0
0
0
0
0
0
0
0
0
0
0
0
0
0
0
0
0
0
0
0
0
0
0
0
0
0
0
0
0
0
0
0
0
0
0
0
0
0
0
0
0
0
0
0
0
0
0
0
0
0
0
0
0
0
0
0
0
0
0
0
0
0
0
0
0
0
0
0
0
0
0
0
0
0
0
0
0
0
0
0
0
0
0
0
0
0
0
0
0
0
0
0
0
0
0
0
0
0
0
0
0
0
0
0
0
0
0
0
0
0
0
0
0
0
0
0
0
0
0
0
0
0
0
0
0
0
0
0
0
0
0
0
0
0
0
0
0
0
0
0
0
0
20
16
14
11
18
13
14
17
15
24
11
21
0
0
0
0
0
0
0
0
0
0
0
0
47
55
55
62
56
55
45
44
36
52
48
40
0
0
0
0
0
0
0
0
0
0
0
0
62
81
67
63
86
77
77
89
87
78
79
102
0
0
0
0
0
0
0
0
0
0
0
0
90
112
103
97
63
78
93
74
107
95
116
121
0
0
0
0
0
0
0
0
0
0
0
0
152
114
108
93
80
82
83
77
116
119
105
164
0
0
0
0
0
0
0
0
0
0
0
0
780
754
713
634
558
593
550
600
706
660
723
817
0
0
0
0
0
0
0
0
0
0
0
0
0
0
0
0
0
0
0
0
0
0
0
0
0
0
0
0
0
0
0
0
0
0
0
0
0
0
0
0
0
0
0
0
0
0
0
0
0
0
0
0
0
0
0
0
0
0
0
0
0
0
0
0
0
0
0
0
0
0
0
0
0
0
0
0
0
0
0
0
0
0
0
0
0
0
0
0
0
0
0
0
0
0
0
0
0
0
0
0
0
0
0
0
0
0
0
0
0
0
0
0
0
0
0
0
0
0
0
0
0
0
0
0
0
0
0
0
0
0
0
0
0
0
0
0
0
0
0
0
0
0
0
0
0
0
0
0
0
0
0
0
0
0
0
0
13
12
17
13
9
15
20
12
5
14
14
16
0
0
0
0
0
0
0
0
0
0
0
0
41
35
37
45
43
39
39
25
33
52
43
39
0
0
0
0
0
0
0
0
0
0
0
0
80
60
48
51
51
54
39
44
59
55
64
66
0
0
0
0
0
0
0
0
0
0
0
0
97
75
69
67
64
50
61
53
74
67
92
108
0
0
0
0
0
0
0
0
0
0
0
0
127
89
78
66
62
57
60
64
71
93
114
113
0
0
0
0
0
0
0
0
0
0
0
0
711
620
530
497
418
397
418
424
485
557
669
654
0
0
0
0
0
0
0
0
0
0
0
0
0
0
0
0
0
0
0
0
0
0
0
0
0
0
0
0
0
0
0
0
0
0
0
0
0
0
0
0
0
0
0
0
0
0
0
0
0
0
0
0
0
0
0
0
0
0
0
0
0
0
0
0
0
0
0
0
0
0
0
0
0
0
0
0
0
0
0
0
0
0
0
0
0
0
0
0
0
0
0
0
0
0
0
0
0
0
0
0
0
0
0
0
0
0
0
0
0
0
0
0
0
0
0
0
0
0
0
0
0
0
0
0
0
0
0
0
0
0
0
0
0
0
0
0
0
0
0
0
0
0
0
0
0
0
0
0
0
0
0
0
0
0
0
0
9
12
6
13
5
7
7
10
7
11
13
2
0
0
0
0
0
0
0
0
0
0
0
0
23
20
22
23
18
14
19
17
14
23
19
25
0
0
0
0
0
0
0
0
0
0
0
0
43
38
43
28
20
24
37
33
36
39
23
38
0
0
0
0
0
0
0
0
0
0
0
0
70
52
48
38
24
26
24
34
34
40
63
60
0
0
0
0
0
0
0
0
0
0
0
0
68
65
42
47
30
29
18
26
40
48
64
71
0
0
0
0
0
0
0
0
0
0
0
0
417
397
302
291
248
209
243
249
270
308
425
466
0
0
0
0
0
0
0
0
0
0
0
0
0
0
0
0
0
0
0
0
0
0
0
0
0
0
0
0
0
0
0
0
0
0
0
0
0
0
0
0
0
0
0
0
0
0
0
0
0
0
0
0
0
0
0
0
0
0
0
0
0
0
0
0
0
0
0
0
0
0
0
0
0
0
0
0
0
0
0
0
0
0
0
0
0
0
0
0
0
0
0
0
0
0
0
0
0
0
0
0
0
0
0
0
0
0
0
0
0
0
0
0
0
0
0
0
0
0
0
0
0
0
0
0
0
0
0
0
0
0
0
0
0
0
0
0
0
0
0
0
0
0
0
0
0
0
0
0
0
0
0
0
0
0
0
0
4
2
4
2
6
3
5
3
3
2
3
2
0
0
0
0
0
0
0
0
0
0
0
0
8
11
16
9
5
4
7
9
9
11
9
10
0
0
0
0
0
0
0
0
0
0
0
0
27
18
17
13
9
1
10
9
15
22
23
24
0
0
0
0
0
0
0
0
0
0
0
0
25
31
23
16
10
11
10
22
22
26
29
29
0
0
0
0
0
0
0
0
0
0
0
0
35
35
31
10
11
5
9
10
15
20
40
36
0
0
0
0
0
0
0
0
0
0
0
0
189
200
144
126
84
92
79
86
128
148
202
211
0
0
0
0
0
0
0
0
0
0
0
0
0
0
0
0
0
0
0
0
0
0
0
0
0
0
0
0
0
0
0
0
0
0
0
0
0
0
0
0
0
0
0
0
0
0
0
0
0
0
0
0
0
0
0
0
0
0
0
0
0
0
0
0
0
0
0
0
0
0
0
0
0
0
0
0
0
0
0
0
0
0
0
0
0
0
0
0
0
0
0
0
0
0
0
0
0
0
0
0
0
0
0
0
0
0
0
0
0
0
0
0
0
0
0
0
0
0
0
0
0
0
0
0
0
0
0
0
0
0
0
0
0
0
0
0
0
0
0
0
0
0
0
0
0
0
0
0
0
0
0
0
0
0
0
0
0
4
4
1
2
3
1
0
2
1
5
0
0
0
0
0
0
0
0
0
0
0
0
0
5
3
4
3
0
4
2
3
3
7
3
2
0
0
0
0
0
0
0
0
0
0
0
0
8
7
7
6
7
2
2
2
7
3
11
7
0
0
0
0
0
0
0
0
0
0
0
0
15
14
8
6
2
3
1
4
5
7
10
11
0
0
0
0
0
0
0
0
0
0
0
0
21
17
10
8
1
1
1
3
8
5
19
18
0
0
0
0
0
0
0
0
0
0
0
0
97
59
78
51
39
34
16
30
52
60
75
106
0
0
0
0
0
0
0
0
0
0
0
0
0
0
0
0
0
0
0
0
0
0
0
0
0
0
0
0
0
0
0
0
0
0
0
0
0
0
0
0
0
0
0
0
0
0
0
0
0
0
0
0
0
0
0
0
0
0
0
0
0
0
0
0
0
0
0
0
0
0
0
0
0
0
0
0
0
0
0
0
0
0
0
0
0
0
0
0
0
0
0
0
0
0
0
0
0
0
0
0
0
0
0
0
0
0
0
0
0
0
0
0
0
0
0
0
0
0
0
0
0
0
0
0
0
0
0
0
0
0
0
0
0
0
0
0
0
0
0
0
0
0
0
0
0
0
0
0
0
0
0
0
0
0
0
0
0
1
0
1
0
1
0
1
0
0
0
1
0
0
0
0
0
0
0
0
0
0
0
0
0
2
0
0
2
2
1
0
1
0
1
0
0
0
0
0
0
0
0
0
0
0
0
0
3
1
2
1
1
0
0
1
2
4
4
4
0
0
0
0
0
0
0
0
0
0
0
0
6
4
7
1
0
2
1
0
1
1
4
4
0
0
0
0
0
0
0
0
0
0
0
0
8
2
2
0
0
1
0
1
1
6
14
8
0
0
0
0
0
0
0
0
0
0
0
0
32
20
21
24
13
9
4
16
18
32
32
23
0
0
0
0
0
0
0
0
0
0
0
0
0
0
0
0
0
0
0
0
0
0
0
0
0
0
0
0
0
0
0
0
0
0
0
0
0
0
0
0
0
0
0
0
0
0
0
0
0
0
0
0
0
0
0
0
0
0
0
0
0
0
0
0
0
0
0
0
0
0
0
0
0
0
0
0
0
0
0
0
0
0
0
0
0
0
0
0
0
0
0
0
0
0
0
0
0
0
0
0
0
0
0
0
0
0
0
0
0
0
0
0
0
0
0
0
0
0
0
0
0
0
0
0
0
0
0
0
0
0
0
0
0
0
0
0
0
0
0
0
0
0
0
0
0
0
0
0
0
0
0
0
0
0
0
0
0
0
0
0
0
0
0
0
0
0
0
0
0
0
0
0
0
0
0
0
0
0
0
0
0
0
0
1
0
0
0
0
0
1
1
0
0
0
0
0
0
0
0
0
0
0
0
0
1
1
0
1
1
0
0
0
1
1
0
1
0
0
0
0
0
0
0
0
0
0
0
0
1
0
1
1
0
0
0
0
1
0
0
1
0
0
0
0
0
0
0
0
0
0
0
0
0
3
0
0
0
0
0
0
0
2
2
1
0
0
0
0
0
0
0
0
0
0
0
0
5
4
2
1
3
4
4
3
2
4
9
7
0
0
0
0
0
0
0
0
0
0
0
0
0
0
0
0
0
0
0
0
0
0
0
0
0
0
0
0
0
0
0
0
0
0
0
0
0
0
0
0
0
0
0
0
0
0
0
0
0
0
0
0
0
0
0
0
0
0
0
0
0
0
0
0
0
0
0
0
0
0
0
0
0
0
0
0
0
0
0
0
0
0
0
0
0
0
0
0
0
0
0
0
0
0
0
0
0
0
0
0
0
0
0
0
0
0
0
0
0
0
0
0
0
0
0
0
0
0
0
0
0
0
0
0
0
0
0
0
0
0
0
0
0
0
0
0
0
0
0
0
0
0
0
0
0
0
0
0
0
0
0
0
0
0
0
0
0
0
0
0
0
0
0
0
0
0
0
0
0
0
0
0
0
0
0
0
0
0
0
0
0
0
0
0
0
0
0
0
1
0
0
0
0
0
0
0
0
0
0
0
0
0
0
0
1
1
1
0
0
0
0
0
0
0
0
0
0
0
0
0
0
0
0
0
0
0
0
0
1
0
0
0
0
0
0
0
0
0
2
0
0
0
0
0
0
0
0
0
0
0
0
0
1
2
1
0
0
0
1
0
0
0
1
0
0
0
0
0
0
0
0
0
0
0
0
0
5
1
2
2
1
1
1
0
0
0
1
3
0
0
0
0
0
0
0
0
0
0
0
0
0
0
0
0
0
0
0
0
0
0
0
0
0
0
0
0
0
0
0
0
0
0
0
0
0
0
0
0
0
0
0
0
0
0
0
0
0
0
0
0
0
0
0
0
0
0
0
0
0
0
0
0
0
0
0
0
0
0
0
0
0
0
0
0
0
0
0
0
0
0
0
0
0
0
0
0
0
0
0
0
0
0
0
0
0
0
0
0
0
0
0
0
0
0
0
0
0
0
0
0
0
0
0
0
0
0
0
0
0
0
0
0
0
0
0
0
0
0
0
0
0
0
0
0
0
0
0
0
0
0
0
0
0
0
0
0
0
0
0
0
0
0
0
0
0
0
0
0
0
0
0
0
0
0
0
0
0
0
0
0
0
0
0
0
0
0
0
0
0
0
0
0
0
0
0
0
0
0
0
0
0
0
0
0
0
0
0
0
0
0
0
0
1
0
0
0
0
0
0
0
0
0
0
1
0
0
0
0
0
0
0
0
0
0
0
0
0
1
0
0
0
0
0
0
0
0
2
0
0
0
0
0
0
0
0
0
0
0
0
0
0
0
0
0
0
0
0
0
0
0
0
0
0
0
0
0
0
0
0
0
0
0
0
0
4
0
2
0
0
0
0
0
0
1
1
0
0
0
0
0
0
0
