12 12 24 5 100
0
0
0
0
0
0
0
0
0
0
0
0
0
0
0
0
0
0
0
0
0
0
0
0
0
0
0
0
0
0
0
0
0
0
0
0
0
0
0
0
0
0
0
0
0
0
0
0
0
0
0
0
0
0
0
0
0
0
0
0
0
0
0
0
0
0
0
0
0
0
0
0
0
0
0
0
0
0
0
0
0
0
0
0
0
0
0
0
0
0
0
0
0
0
0
0
0
0
0
0
0
0
0
0
0
0
0
0
0
0
0
0
0
0
0
0
0
0
0
0
0
0
0
0
0
0
0
0
0
0
0
0
0
0
0
0
0
0
0
0
0
0
0
0
0
0
0
0
0
0
0
1
0
0
1
3
2
1
1
0
3
1
0
0
0
0
0
0
0
0
0
0
0
0
4
4
7
6
8
7
11
8
3
2
10
3
0
0
0
0
0
0
0
0
0
0
0
0
11
9
13
5
17
9
13
8
4
9
6
12
0
0
0
0
0
0
0
0
0
0
0
0
11
11
12
9
14
11
8
12
8
14
14
12
0
0
0
0
0
0
0
0
0
0
0
0
10
15
16
11
10
12
21
12
10
18
15
9
0
0
0
0
0
0
0
0
0
0
0
0
80
78
69
62
82
69
75
66
75
60
58
87
0
0
0
0
0
0
0
0
0
0
0
0
0
0
0
0
0
0
0
0
0
0
0
0
0
0
0
0
0
0
0
0
0
0
0
0
0
0
0
0
0
0
0
0
0
0
0
0
0
0
0
0
0
0
0
0
0
0
0
0
0
0
0
0
0
0
0
0
0
0
0
0
0
0
0
0
0
0
0
0
0
0
0
0
0
0
0
0
0
0
0
0
0
0
0
0
0
0
0
0
0
0
0
0
0
0
0
0
0
0
0
0
0
0
0
0
0
0
0
0
0
0
0
0
0
0
0
0
0
0
0
0
0
0
0
0
0
0
0
0
0
0
0
0
0
0
0
0
0
0
0
0
0
0
0
0
16
9
12
8
17
11
6
9
13
7
13
7
0
0
0
0
0
0
0
0
0
0
0
0
34
35
34
38
28
31
25
25
27
35
27
27
0
0
0
0
0
0
0
0
0
0
0
0
48
44
49
58
47
56
42
46
52
57
45
40
0
0
0
0
0
0
0
0
0
0
0
0
69
55
71
74
66
62
63
53
65
60
70
65
0
0
0
0
0
0
0
0
0
0
0
0
91
73
86
57
65
65
72
81
76
88
80
72
0
0
0
0
0
0
0
0
0
0
0
0
426
456
439
397
355
349
357
378
416
444
404
415
0
0
0
0
0
0
0
0
0
0
0
0
0
0
0
0
0
0
0
0
0
0
0
0
0
0
0
0
0
0
0
0
0
0
0
0
0
0
0
0
0
0
0
0
0
0
0
0
0
0
0
0
0
0
0
0
0
0
0
0
0
0
0
0
0
0
0
0
0
0
0
0
0
0
0
0
0
0
0
0
0
0
0
0
0
0
0
0
0
0
0
0
0
0
0
0
0
0
0
0
0
0
0
0
0
0
0
0
0
0
0
0
0
0
0
0
0
0
0
0
0
0
0
0
0
0
0
0
0
0
0
0
0
0
0
0
0
0
0
0
0
0
0
0
0
0
0
0
0
0
0
0
0
0
0
0
18
17
18
20
14
15
22
23
32
16
18
21
0
0
0
0
0
0
0
0
0
0
0
0
51
59
50
62
63
71
46
64
69
47
65
59
0
0
0
0
0
0
0
0
0
0
0
0
89
109
92
83
98
69
74
96
81
82
93
85
0
0
0
0
0
0
0
0
0
0
0
0
135
106
115
120
104
86
95
100
103
97
116
142
0
0
0
0
0
0
0
0
0
0
0
0
145
128
154
129
115
85
110
119
128
149
148
161
0
0
0
0
0
0
0
0
0
0
0
0
812
789
793
693
625
610
671
646
729
762
846
828
0
0
0
0
0
0
0
0
0
0
0
0
0
0
0
0
0
0
0
0
0
0
0
0
0
0
0
0
0
0
0
0
0
0
0
0
0
0
0
0
0
0
0
0
0
0
0
0
0
0
0
0
0
0
0
0
0
0
0
0
0
0
0
0
0
0
0
0
0
0
0
0
0
0
0
0
0
0
0
0
0
0
0
0
0
0
0
0
0
0
0
0
0
0
0
0
0
0
0
0
0
0
0
0
0
0
0
0
0
0
0
0
0
0
0
0
0
0
0
0
0
0
0
0
0
0
0
0
0
0
0
0
0
0
0
0
0
0
0
0
0
0
0
0
0
0
0
0
0
0
0
0
0
0
0
0
34
20
13
23
22
28
21
18
13
26
26
22
0
0
0
0
0
0
0
0
0
0
0
0
85
66
47
78
67
56
57
55
59
78
87
65
0
0
0
0
0
0
0
0
0
0
0
0
94
109
92
80
83
78
75
81
98
103
120
118
0
0
0
0
0
0
0
0
0
0
0
0
155
127
138
107
102
94
89
103
113
102
141
156
0
0
0
0
0
0
0
0
0
0
0
0
175
136
123
121
96
66
85
86
102
151
177
195
0
0
0
0
0
0
0
0
0
0
0
0
975
905
847
622
606
550
601
600
677
796
902
1001
0
0
0
0
0
0
0
0
0
0
0
0
0
0
0
0
0
0
0
0
0
0
0
0
0
0
0
0
0
0
0
0
0
0
0
0
0
0
0
0
0
0
0
0
0
0
0
0
0
0
0
0
0
0
0
0
0
0
0
0
0
0
0
0
0
0
0
0
0
0
0
0
0
0
0
0
0
0
0
0
0
0
0
0
0
0
0
0
0
0
0
0
0
0
0
0
0
0
0
0
0
0
0
0
0
0
0
0
0
0
0
0
0
0
0
0
0
0
0
0
0
0
0
0
0
0
0
0
0
0
0
0
0
0
0
0
0
0
0
0
0
0
0
0
0
0
0
0
0
0
0
0
0
0
0
0
18
18
26
20
20
16
19
17
12
29
11
17
0
0
0
0
0
0
0
0
0
0
0
0
57
58
59
47
47
50
46
55
63
68
59
69
0
0
0
0
0
0
0
0
0
0
0
0
104
86
77
83
65
63
50
43
63
77
93
90
0
0
0
0
0
0
0
0
0
0
0
0
125
135
113
69
51
44
39
43
75
60
117
147
0
0
0
0
0
0
0
0
0
0
0
0
143
131
118
67
47
42
36
41
70
87
112
136
0
0
0
0
0
0
0
0
0
0
0
0
860
742
613
487
376
341
327
371
459
595
729
855
0
0
0
0
0
0
0
0
0
0
0
0
0
0
0
0
0
0
0
0
0
0
0
0
0
0
0
0
0
0
0
0
0
0
0
0
0
0
0
0
0
0
0
0
0
0
0
0
0
0
0
0
0
0
0
0
0
0
0
0
0
0
0
0
0
0
0
0
0
0
0
0
0
0
0
0
0
0
0
0
0
0
0
0
0
0
0
0
0
0
0
0
0
0
0
0
0
0
0
0
0
0
0
0
0
0
0
0
0
0
0
0
0
0
0
0
0
0
0
0
0
0
0
0
0
0
0
0
0
0
0
0
0
0
0
0
0
0
0
0
0
0
0
0
0
0
0
0
0
0
0
0
0
0
0
0
12
16
5
11
9
12
14
9
9
10
9
12
0
0
0
0
0
0
0
0
0
0
0
0
39
33
35
37
24
27
30
21
30
29
36
45
0
0
0
0
0
0
0
0
0
0
0
0
61
65
44
31
26
41
24
29
40
46
53
62
0
0
0
0
0
0
0
0
0
0
0
0
75
70
54
37
29
14
17
31
42
46
89
95
0
0
0
0
0
0
0
0
0
0
0
0
98
92
53
31
25
15
15
26
26
58
66
102
0
0
0
0
0
0
0
0
0
0
0
0
587
490
366
245
176
158
155
165
229
294
447
572
0
0
0
0
0
0
0
0
0
0
0
0
0
0
0
0
0
0
0
0
0
0
0
0
0
0
0
0
0
0
0
0
0
0
0
0
0
0
0
0
0
0
0
0
0
0
0
0
0
0
0
0
0
0
0
0
0
0
0
0
0
0
0
0
0
0
0
0
0
0
0
0
0
0
0
0
0
0
0
0
0
0
0
0
0
0
0
0
0
0
0
0
0
0
0
0
0
0
0
0
0
0
0
0
0
0
0
0
0
0
0
0
0
0
0
0
0
0
0
0
0
0
0
0
0
0
0
0
0
0
0
0
0
0
0
0
0
0
0
0
0
0
0
0
0
0
0
0
0
0
0
0
0
0
0
0
7
7
7
7
5
4
7
6
8
5
4
4
0
0
0
0
0
0
0
0
0
0
0
0
17
18
23
7
13
12
7
14
13
20
13
14
0
0
0
0
0
0
0
0
0
0
0
0
32
21
14
17
7
7
7
13
18
22
30
29
0
0
0
0
0
0
0
0
0
0
0
0
46
51
18
15
12
10
3
12
23
25
30
47
0
0
0
0
0
0
0
0
0
0
0
0
43
43
34
11
7
10
7
8
15
12
37
50
0
0
0
0
0
0
0
0
0
0
0
0
258
211
151
98
88
67
56
75
91
127
252
283
0
0
0
0
0
0
0
0
0
0
0
0
0
0
0
0
0
0
0
0
0
0
0
0
0
0
0
0
0
0
0
0
0
0
0
0
0
0
0
0
0
0
0
0
0
0
0
0
0
0
0
0
0
0
0
0
0
0
0
0
0
0
0
0
0
0
0
0
0
0
0
0
0
0
0
0
0
0
0
0
0
0
0
0
0
0
0
0
0
0
0
0
0
0
0
0
0
0
0
0
0
0
0
0
0
0
0
0
0
0
0
0
0
0
0
0
0
0
0
0
0
0
0
0
0
0
0
0
0
0
0
0
0
0
0
0
0
0
0
0
0
0
0
0
0
0
0
0
0
0
0
0
0
0
0
0
1
1
4
3
5
0
5
3
1
1
0
2
0
0
0
0
0
0
0
0
0
0
0
0
12
8
6
7
3
4
3
4
7
9
6
8
0
0
0
0
0
0
0
0
0
0
0
0
12
6
9
6
4
3
5
3
1
3
11
9
0
0
0
0
0
0
0
0
0
0
0
0
16
16
6
4
3
3
0
5
3
16
14
20
0
0
0
0
0
0
0
0
0
0
0
0
15
17
10
4
2
0
4
2
3
4
14
19
0
0
0
0
0
0
0
0
0
0
0
0
131
100
66
45
26
20
23
16
38
46
76
116
0
0
0
0
0
0
0
0
0
0
0
0
0
0
0
0
0
0
0
0
0
0
0
0
0
0
0
0
0
0
0
0
0
0
0
0
0
0
0
0
0
0
0
0
0
0
0
0
0
0
0
0
0
0
0
0
0
0
0
0
0
0
0
0
0
0
0
0
0
0
0
0
0
0
0
0
0
0
0
0
0
0
0
0
0
0
0
0
0
0
0
0
0
0
0
0
0
0
0
0
0
0
0
0
0
0
0
0
0
0
0
0
0
0
0
0
0
0
0
0
0
0
0
0
0
0
0
0
0
0
0
0
0
0
0
0
0
0
0
0
0
0
0
0
0
0
0
0
0
0
0
0
0
0
0
0
0
1
2
4
2
0
0
0
0
0
0
0
0
0
0
0
0
0
0
0
0
0
0
0
3
1
0
0
5
0
3
1
1
1
4
2
0
0
0
0
0
0
0
0
0
0
0
0
8
6
2
1
0
0
0
0
0
2
3
1
0
0
0
0
0
0
0
0
0
0
0
0
6
7
1
1
0
1
3
3
2
0
4
8
0
0
0
0
0
0
0
0
0
0
0
0
8
4
3
2
0
0
0
0
1
1
5
8
0
0
0
0
0
0
0
0
0
0
0
0
51
44
14
9
6
5
5
7
13
10
28
45
0
0
0
0
0
0
0
0
0
0
0
0
0
0
0
0
0
0
0
0
0
0
0
0
0
0
0
0
0
0
0
0
0
0
0
0
0
0
0
0
0
0
0
0
0
0
0
0
0
0
0
0
0
0
0
0
0
0
0
0
0
0
0
0
0
0
0
0
0
0
0
0
0
0
0
0
0
0
0
0
0
0
0
0
0
0
0
0
0
0
0
0
0
0
0
0
0
0
0
0
0
0
0
0
0
0
0
0
0
0
0
0
0
0
0
0
0
0
0
0
0
0
0
0
0
0
0
0
0
0
0
0
0
0
0
0
0
0
0
0
0
0
0
0
0
0
0
0
0
0
0
0
0
0
0
0
0
1
0
0
0
0
0
0
0
0
0
0
0
0
0
0
0
0
0
0
0
0
0
0
1
0
0
0
0
0
0
0
0
1
1
3
0
0
0
0
0
0
0
0
0
0
0
0
0
0
2
0
0
0
0
1
1
1
1
3
0
0
0
0
0
0
0
0
0
0
0
0
2
0
2
0
0
0
0
0
0
0
1
0
0
0
0
0
0
0
0
0
0
0
0
0
1
0
1
0
0
0
0
0
1
0
0
2
0
0
0
0
0
0
0
0
0
0
0
0
12
5
2
1
1
5
2
5
1
3
5
12
0
0
0
0
0
0
0
0
0
0
0
0
0
0
0
0
0
0
0
0
0
0
0
0
0
0
0
0
0
0
0
0
0
0
0
0
0
0
0
0
0
0
0
0
0
0
0
0
0
0
0
0
0
0
0
0
0
0
0
0
0
0
0
0
0
0
0
0
0
0
0
0
0
0
0
0
0
0
0
0
0
0
0
0
0
0
0
0
0
0
0
0
0
0
0
0
0
0
0
0
0
0
0
0
0
0
0
0
0
0
0
0
0
0
0
0
0
0
0
0
0
0
0
0
0
0
0
0
0
0
0
0
0
0
0
0
0
0
0
0
0
0
0
0
0
0
0
0
0
0
0
0
0
0
0
0
0
0
0
0
0
0
0
0
0
0
0
0
0
0
0
0
0
0
0
0
0
0
0
0
0
0
1
0
0
0
0
0
0
0
0
1
0
0
0
0
0
0
0
0
0
0
0
0
0
0
0
0
0
0
0
0
0
0
0
0
0
0
0
0
0
0
0
0
0
0
0
0
0
0
0
0
0
0
0
0
0
0
0
1
0
0
0
0
0
0
0
0
0
0
0
0
2
0
0
0
0
0
0
0
0
1
1
1
0
0
0
0
0
0
0
0
0
0
0
0
5
2
0
0
0
1
1
0
0
1
0
1
0
0
0
0
0
0
0
0
0
0
0
0
0
0
0
0
0
0
0
0
0
0
0
0
0
0
0
0
0
0
0
0
0
0
0
0
0
0
0
0
0
0
0
0
0
0
0
0
0
0
0
0
0
0
0
0
0
0
0
0
0
0
0
0
0
0
0
0
0
0
0
0
0
0
0
0
0
0
0
0
0
0
0
0
0
0
0
0
0
0
0
0
0
0
0
0
0
0
0
0
0
0
0
0
0
0
0
0
0
0
0
0
0
0
0
0
0
0
0
0
0
0
0
0
0
0
0
0
0
0
0
0
0
0
0
0
0
0
0
0
0
0
0
0
0
0
0
0
0
0
0
0
0
0
0
0
1
0
0
0
0
0
0
0
0
0
0
0
0
0
0
0
0
0
0
0
0
0
0
0
0
0
0
0
0
0
0
0
0
0
0
0
0
0
0
0
0
0
0
0
0
0
0
0
0
0
0
0
0
0
0
0
0
0
0
1
0
0
0
0
0
0
0
0
0
0
0
0
0
0
0
0
0
0
0
0
0
0
0
0
0
0
0
0
0
0
0
0
0
0
0
0
2
0
0
0
0
0
0
0
0
0
0
1
0
0
0
0
0
0
0
0
0
0
0
0
2
2
2
0
0
0
0
0
0
0
0
3
0
0
0
0
0
0
