12 12 24 4 100
0
0
0
0
0
0
0
0
0
0
0
0
0
0
0
0
0
0
0
0
0
0
0
0
0
0
0
0
0
0
0
0
0
0
0
0
0
0
0
0
0
0
0
0
0
0
0
0
0
0
0
0
0
0
0
0
0
0
0
0
0
0
0
0
0
0
0
0
0
0
0
0
0
0
0
0
0
0
0
0
0
0
0
0
0
0
0
0
0
0
0
0
0
0
0
0
0
0
0
0
0
0
0
0
0
0
0
0
0
0
0
0
0
0
0
0
0
0
0
0
0
0
0
0
0
0
0
0
0
0
0
0
0
0
0
0
0
0
0
0
0
0
0
0
0
0
0
0
0
0
1
0
1
3
2
3
4
0
0
2
2
1
0
0
0
0
0
0
0
0
0
0
0
0
8
6
2
3
6
4
3
3
5
4
1
1
0
0
0
0
0
0
0
0
0
0
0
0
7
12
5
14
7
7
6
9
6
5
3
7
0
0
0
0
0
0
0
0
0
0
0
0
13
11
13
11
12
9
9
11
7
7
8
5
0
0
0
0
0
0
0
0
0
0
0
0
12
5
8
13
7
11
7
8
10
10
21
12
0
0
0
0
0
0
0
0
0
0
0
0
53
43
51
49
50
48
64
64
64
43
50
59
0
0
0
0
0
0
0
0
0
0
0
0
0
0
0
0
0
0
0
0
0
0
0
0
0
0
0
0
0
0
0
0
0
0
0
0
0
0
0
0
0
0
0
0
0
0
0
0
0
0
0
0
0
0
0
0
0
0
0
0
0
0
0
0
0
0
0
0
0
0
0
0
0
0
0
0
0
0
0
0
0
0
0
0
0
0
0
0
0
0
0
0
0
0
0
0
0
0
0
0
0
0
0
0
0
0
0
0
0
0
0
0
0
0
0
0
0
0
0
0
0
0
0
0
0
0
0
0
0
0
0
0
0
0
0
0
0
0
0
0
0
0
0
0
0
0
0
0
0
0
0
0
0
0
0
0
5
7
5
9
8
7
7
8
6
9
10
7
0
0
0
0
0
0
0
0
0
0
0
0
18
22
20
21
24
25
24
31
31
22
25
23
0
0
0
0
0
0
0
0
0
0
0
0
30
34
32
44
53
43
33
47
38
41
42
30
0
0
0
0
0
0
0
0
0
0
0
0
46
54
48
43
57
40
65
61
36
43
53
36
0
0
0
0
0
0
0
0
0
0
0
0
54
65
58
48
55
52
58
68
56
58
58
63
0
0
0
0
0
0
0
0
0
0
0
0
330
340
338
325
311
359
296
292
300
338
339
332
0
0
0
0
0
0
0
0
0
0
0
0
0
0
0
0
0
0
0
0
0
0
0
0
0
0
0
0
0
0
0
0
0
0
0
0
0
0
0
0
0
0
0
0
0
0
0
0
0
0
0
0
0
0
0
0
0
0
0
0
0
0
0
0
0
0
0
0
0
0
0
0
0
0
0
0
0
0
0
0
0
0
0
0
0
0
0
0
0
0
0
0
0
0
0
0
0
0
0
0
0
0
0
0
0
0
0
0
0
0
0
0
0
0
0
0
0
0
0
0
0
0
0
0
0
0
0
0
0
0
0
0
0
0
0
0
0
0
0
0
0
0
0
0
0
0
0
0
0
0
0
0
0
0
0
0
22
13
15
18
10
27
16
16
7
14
12
17
0
0
0
0
0
0
0
0
0
0
0
0
33
35
40
44
38
39
46
48
43
48
43
44
0
0
0
0
0
0
0
0
0
0
0
0
81
59
70
61
72
62
65
57
75
61
87
75
0
0
0
0
0
0
0
0
0
0
0
0
104
91
72
90
105
91
83
104
85
81
93
85
0
0
0
0
0
0
0
0
0
0
0
0
122
112
106
100
98
89
100
98
87
114
94
111
0
0
0
0
0
0
0
0
0
0
0
0
606
625
621
571
594
561
534
590
629
630
625
616
0
0
0
0
0
0
0
0
0
0
0
0
0
0
0
0
0
0
0
0
0
0
0
0
0
0
0
0
0
0
0
0
0
0
0
0
0
0
0
0
0
0
0
0
0
0
0
0
0
0
0
0
0
0
0
0
0
0
0
0
0
0
0
0
0
0
0
0
0
0
0
0
0
0
0
0
0
0
0
0
0
0
0
0
0
0
0
0
0
0
0
0
0
0
0
0
0
0
0
0
0
0
0
0
0
0
0
0
0
0
0
0
0
0
0
0
0
0
0
0
0
0
0
0
0
0
0
0
0
0
0
0
0
0
0
0
0
0
0
0
0
0
0
0
0
0
0
0
0
0
0
0
0
0
0
0
23
16
15
15
19
11
18
14
18
17
13
13
0
0
0
0
0
0
0
0
0
0
0
0
45
43
61
47
44
45
38
52
42
43
55
47
0
0
0
0
0
0
0
0
0
0
0
0
73
77
82
70
70
70
62
84
76
64
67
77
0
0
0
0
0
0
0
0
0
0
0
0
107
101
71
84
85
96
72
75
84
87
98
98
0
0
0
0
0
0
0
0
0
0
0
0
100
126
98
114
105
91
96
120
121
101
108
119
0
0
0
0
0
0
0
0
0
0
0
0
707
743
623
614
565
621
613
579
668
684
675
689
0
0
0
0
0
0
0
0
0
0
0
0
0
0
0
0
0
0
0
0
0
0
0
0
0
0
0
0
0
0
0
0
0
0
0
0
0
0
0
0
0
0
0
0
0
0
0
0
0
0
0
0
0
0
0
0
0
0
0
0
0
0
0
0
0
0
0
0
0
0
0
0
0
0
0
0
0
0
0
0
0
0
0
0
0
0
0
0
0
0
0
0
0
0
0
0
0
0
0
0
0
0
0
0
0
0
0
0
0
0
0
0
0
0
0
0
0
0
0
0
0
0
0
0
0
0
0
0
0
0
0
0
0
0
0
0
0
0
0
0
0
0
0
0
0
0
0
0
0
0
0
0
0
0
0
0
7
5
15
16
15
12
15
13
15
13
7
7
0
0
0
0
0
0
0
0
0
0
0
0
42
41
41
42
39
23
33
32
44
31
43
46
0
0
0
0
0
0
0
0
0
0
0
0
66
87
51
57
64
51
44
48
51
66
58
59
0
0
0
0
0
0
0
0
0
0
0
0
69
61
74
71
62
62
50
57
73
76
86
75
0
0
0
0
0
0
0
0
0
0
0
0
82
80
83
65
68
52
62
76
74
94
86
92
0
0
0
0
0
0
0
0
0
0
0
0
606
523
530
468
442
416
430
464
518
518
572
551
0
0
0
0
0
0
0
0
0
0
0
0
0
0
0
0
0
0
0
0
0
0
0
0
0
0
0
0
0
0
0
0
0
0
0
0
0
0
0
0
0
0
0
0
0
0
0
0
0
0
0
0
0
0
0
0
0
0
0
0
0
0
0
0
0
0
0
0
0
0
0
0
0
0
0
0
0
0
0
0
0
0
0
0
0
0
0
0
0
0
0
0
0
0
0
0
0
0
0
0
0
0
0
0
0
0
0
0
0
0
0
0
0
0
0
0
0
0
0
0
0
0
0
0
0
0
0
0
0
0
0
0
0
0
0
0
0
0
0
0
0
0
0
0
0
0
0
0
0
0
0
0
0
0
0
0
10
11
11
5
6
8
6
8
6
2
6
4
0
0
0
0
0
0
0
0
0
0
0
0
27
22
21
20
23
27
21
26
24
22
19
27
0
0
0
0
0
0
0
0
0
0
0
0
40
26
28
31
27
36
33
23
19
27
35
33
0
0
0
0
0
0
0
0
0
0
0
0
47
37
44
37
35
27
31
38
34
41
36
51
0
0
0
0
0
0
0
0
0
0
0
0
48
56
49
40
36
16
24
43
38
47
61
50
0
0
0
0
0
0
0
0
0
0
0
0
366
316
292
265
245
237
240
229
252
317
359
364
0
0
0
0
0
0
0
0
0
0
0
0
0
0
0
0
0
0
0
0
0
0
0
0
0
0
0
0
0
0
0
0
0
0
0
0
0
0
0
0
0
0
0
0
0
0
0
0
0
0
0
0
0
0
0
0
0
0
0
0
0
0
0
0
0
0
0
0
0
0
0
0
0
0
0
0
0
0
0
0
0
0
0
0
0
0
0
0
0
0
0
0
0
0
0
0
0
0
0
0
0
0
0
0
0
0
0
0
0
0
0
0
0
0
0
0
0
0
0
0
0
0
0
0
0
0
0
0
0
0
0
0
0
0
0
0
0
0
0
0
0
0
0
0
0
0
0
0
0
0
0
0
0
0
0
0
6
3
4
4
3
4
4
3
7
5
2
2
0
0
0
0
0
0
0
0
0
0
0
0
5
12
15
10
4
11
14
6
7
9
12
9
0
0
0
0
0
0
0
0
0
0
0
0
10
16
9
14
14
17
16
16
13
22
11
8
0
0
0
0
0
0
0
0
0
0
0
0
21
30
17
11
8
12
11
11
15
16
24
18
0
0
0
0
0
0
0
0
0
0
0
0
17
15
22
11
8
16
6
9
14
25
23
23
0
0
0
0
0
0
0
0
0
0
0
0
171
159
142
110
107
93
75
87
125
165
146
176
0
0
0
0
0
0
0
0
0
0
0
0
0
0
0
0
0
0
0
0
0
0
0
0
0
0
0
0
0
0
0
0
0
0
0
0
0
0
0
0
0
0
0
0
0
0
0
0
0
0
0
0
0
0
0
0
0
0
0
0
0
0
0
0
0
0
0
0
0
0
0
0
0
0
0
0
0
0
0
0
0
0
0
0
0
0
0
0
0
0
0
0
0
0
0
0
0
0
0
0
0
0
0
0
0
0
0
0
0
0
0
0
0
0
0
0
0
0
0
0
0
0
0
0
0
0
0
0
0
0
0
0
0
0
0
0
0
0
0
0
0
0
0
0
0
0
0
0
0
0
0
0
0
0
0
0
1
1
0
2
2
1
1
1
1
1
1
1
0
0
0
0
0
0
0
0
0
0
0
0
2
3
3
7
3
2
5
5
4
7
3
4
0
0
0
0
0
0
0
0
0
0
0
0
6
4
2
6
4
9
1
4
5
5
8
4
0
0
0
0
0
0
0
0
0
0
0
0
6
5
7
8
3
2
3
7
5
8
6
8
0
0
0
0
0
0
0
0
0
0
0
0
11
6
4
4
2
5
0
2
6
7
8
7
0
0
0
0
0
0
0
0
0
0
0
0
71
63
62
31
43
37
25
29
41
45
53
61
0
0
0
0
0
0
0
0
0
0
0
0
0
0
0
0
0
0
0
0
0
0
0
0
0
0
0
0
0
0
0
0
0
0
0
0
0
0
0
0
0
0
0
0
0
0
0
0
0
0
0
0
0
0
0
0
0
0
0
0
0
0
0
0
0
0
0
0
0
0
0
0
0
0
0
0
0
0
0
0
0
0
0
0
0
0
0
0
0
0
0
0
0
0
0
0
0
0
0
0
0
0
0
0
0
0
0
0
0
0
0
0
0
0
0
0
0
0
0
0
0
0
0
0
0
0
0
0
0
0
0
0
0
0
0
0
0
0
0
0
0
0
0
0
0
0
0
0
0
0
0
0
0
0
0
0
0
0
0
0
0
0
2
0
0
0
0
0
0
0
0
0
0
0
0
0
0
0
0
0
1
1
3
0
1
2
2
1
1
0
1
1
0
0
0
0
0
0
0
0
0
0
0
0
0
1
3
4
0
1
3
1
2
1
2
0
0
0
0
0
0
0
0
0
0
0
0
0
2
4
2
0
1
1
0
2
0
1
2
5
0
0
0
0
0
0
0
0
0
0
0
0
1
1
1
1
2
0
0
0
1
1
2
3
0
0
0
0
0
0
0
0
0
0
0
0
30
11
17
19
19
14
4
11
14
23
32
19
0
0
0
0
0
0
0
0
0
0
0
0
0
0
0
0
0
0
0
0
0
0
0
0
0
0
0
0
0
0
0
0
0
0
0
0
0
0
0
0
0
0
0
0
0
0
0
0
0
0
0
0
0
0
0
0
0
0
0
0
0
0
0
0
0
0
0
0
0
0
0
0
0
0
0
0
0
0
0
0
0
0
0
0
0
0
0
0
0
0
0
0
0
0
0
0
0
0
0
0
0
0
0
0
0
0
0
0
0
0
0
0
0
0
0
0
0
0
0
0
0
0
0
0
0
0
0
0
0
0
0
0
0
0
0
0
0
0
0
0
0
0
0
0
0
0
0
0
0
0
0
0
0
0
0
0
0
0
0
0
0
0
0
0
0
0
0
0
0
0
0
0
0
0
0
0
0
0
0
0
1
0
0
0
0
0
1
1
0
0
0
0
0
0
0
0
0
0
0
0
0
0
0
0
0
0
0
0
0
0
0
0
0
0
0
1
0
0
0
0
0
0
0
0
0
0
0
0
3
0
3
0
1
0
0
0
2
0
2
1
0
0
0
0
0
0
0
0
0
0
0
0
1
0
0
0
0
0
0
2
0
1
0
0
0
0
0
0
0
0
0
0
0
0
0
0
10
4
4
5
8
4
2
3
3
3
5
7
0
0
0
0
0
0
0
0
0
0
0
0
0
0
0
0
0
0
0
0
0
0
0
0
0
0
0
0
0
0
0
0
0
0
0
0
0
0
0
0
0
0
0
0
0
0
0
0
0
0
0
0
0
0
0
0
0
0
0
0
0
0
0
0
0
0
0
0
0
0
0
0
0
0
0
0
0
0
0
0
0
0
0
0
0
0
0
0
0
0
0
0
0
0
0
0
0
0
0
0
0
0
0
0
0
0
0
0
0
0
0
0
0
0
0
0
0
0
0
0
0
0
0
0
0
0
0
0
0
0
0
0
0
0
0
0
0
0
0
0
0
0
0
0
0
0
0
0
0
0
0
0
0
0
0
0
0
0
0
0
0
0
0
0
0
1
0
0
0
0
0
0
0
0
0
0
0
0
0
0
0
0
0
0
0
0
0
0
0
0
1
0
0
0
0
0
0
0
0
0
0
0
0
0
0
1
0
0
0
0
0
0
1
0
0
0
0
0
0
0
0
0
0
0
0
0
0
0
0
0
0
1
0
0
0
0
2
0
0
1
0
0
0
0
0
0
0
0
0
0
0
0
0
0
0
2
0
0
1
0
1
0
0
0
0
0
0
0
0
0
0
0
0
0
0
0
0
2
1
4
7
4
5
0
1
0
2
1
0
0
0
0
0
0
0
0
0
0
0
0
0
0
0
0
0
0
0
0
0
0
0
0
0
0
0
0
0
0
0
0
0
0
0
0
0
0
0
0
0
0
0
0
0
0
0
0
0
0
0
0
0
0
0
0
0
0
0
0
0
0
0
0
0
0
0
0
0
0
0
0
0
0
0
0
0
0
0
0
0
0
0
0
0
0
0
0
0
0
0
0
0
0
0
0
0
0
0
0
0
0
0
0
0
0
0
0
0
0
0
0
0
0
0
0
0
0
0
0
0
0
0
0
0
0
0
0
0
0
0
0
0
0
0
0
0
0
0
0
0
0
0
0
0
0
0
0
0
0
0
0
0
0
0
0
0
0
0
0
0
0
0
0
0
0
0
1
0
0
0
0
0
0
0
0
0
0
0
0
0
0
0
0
0
0
0
0
0
0
0
0
0
0
0
0
0
0
0
0
0
0
0
0
2
0
0
0
0
0
0
0
0
1
0
0
0
0
0
0
0
0
0
0
0
0
0
0
0
0
0
0
0
0
1
0
2
2
0
0
0
0
0
0
0
0
0
0
0
0
0
0
0
0
0
2
1
1
0
1
0
0
0
0
0
0
0
0
0
0
0
0
0
0
0
0
2
0
6
10
7
1
2
0
0
1
0
1
0
0
0
0
0
0
