12 12 24 4 100
0
0
0
0
0
0
0
0
0
0
0
0
0
0
0
0
0
0
0
0
0
0
0
0
0
0
0
0
0
0
0
0
0
0
0
0
0
0
0
0
0
0
0
0
0
0
0
0
0
0
0
0
0
0
0
0
0
0
0
0
0
0
0
0
0
0
0
0
0
0
0
0
0
0
0
0
0
0
0
0
0
0
0
0
0
0
0
0
0
0
0
0
0
0
0
0
0
0
0
0
0
0
0
0
0
0
0
0
0
0
0
0
0
0
0
0
0
0
0
0
0
0
0
0
0
0
0
0
0
0
0
0
0
0
0
0
0
0
0
0
0
0
0
0
0
0
0
0
0
0
4
5
1
3
1
3
1
4
2
4
1
2
0
0
0
0
0
0
0
0
0
0
0
0
1
5
3
2
7
10
7
10
5
14
10
9
0
0
0
0
0
0
0
0
0
0
0
0
6
7
9
7
6
11
8
12
9
12
9
4
0
0
0
0
0
0
0
0
0
0
0
0
7
15
13
11
17
12
13
9
15
17
14
14
0
0
0
0
0
0
0
0
0
0
0
0
18
14
13
16
19
7
18
10
10
12
19
25
0
0
0
0
0
0
0
0
0
0
0
0
72
75
74
71
80
85
94
71
68
76
60
74
0
0
0
0
0
0
0
0
0
0
0
0
0
0
0
0
0
0
0
0
0
0
0
0
0
0
0
0
0
0
0
0
0
0
0
0
0
0
0
0
0
0
0
0
0
0
0
0
0
0
0
0
0
0
0
0
0
0
0
0
0
0
0
0
0
0
0
0
0
0
0
0
0
0
0
0
0
0
0
0
0
0
0
0
0
0
0
0
0
0
0
0
0
0
0
0
0
0
0
0
0
0
0
0
0
0
0
0
0
0
0
0
0
0
0
0
0
0
0
0
0
0
0
0
0
0
0
0
0
0
0
0
0
0
0
0
0
0
0
0
0
0
0
0
0
0
0
0
0
0
0
0
0
0
0
0
15
21
11
9
9
7
14
11
14
8
13
12
0
0
0
0
0
0
0
0
0
0
0
0
35
37
34
41
29
30
34
37
30
42
33
36
0
0
0
0
0
0
0
0
0
0
0
0
54
53
68
66
52
64
60
55
61
63
58
52
0
0
0
0
0
0
0
0
0
0
0
0
71
61
62
70
81
64
70
79
83
86
78
50
0
0
0
0
0
0
0
0
0
0
0
0
86
98
79
80
81
79
74
104
92
79
95
82
0
0
0
0
0
0
0
0
0
0
0
0
495
458
459
449
445
393
363
437
442
487
403
457
0
0
0
0
0
0
0
0
0
0
0
0
0
0
0
0
0
0
0
0
0
0
0
0
0
0
0
0
0
0
0
0
0
0
0
0
0
0
0
0
0
0
0
0
0
0
0
0
0
0
0
0
0
0
0
0
0
0
0
0
0
0
0
0
0
0
0
0
0
0
0
0
0
0
0
0
0
0
0
0
0
0
0
0
0
0
0
0
0
0
0
0
0
0
0
0
0
0
0
0
0
0
0
0
0
0
0
0
0
0
0
0
0
0
0
0
0
0
0
0
0
0
0
0
0
0
0
0
0
0
0
0
0
0
0
0
0
0
0
0
0
0
0
0
0
0
0
0
0
0
0
0
0
0
0
0
21
22
31
22
26
26
22
31
18
41
22
25
0
0
0
0
0
0
0
0
0
0
0
0
82
79
68
79
93
58
77
70
70
85
69
90
0
0
0
0
0
0
0
0
0
0
0
0
103
109
130
128
118
97
104
104
122
110
119
111
0
0
0
0
0
0
0
0
0
0
0
0
153
167
141
108
73
54
56
70
101
148
147
137
0
0
0
0
0
0
0
0
0
0
0
0
174
170
156
77
46
30
36
54
68
155
204
176
0
0
0
0
0
0
0
0
0
0
0
0
963
902
788
547
364
355
307
382
559
857
934
995
0
0
0
0
0
0
0
0
0
0
0
0
0
0
0
0
0
0
0
0
0
0
0
0
0
0
0
0
0
0
0
0
0
0
0
0
0
0
0
0
0
0
0
0
0
0
0
0
0
0
0
0
0
0
0
0
0
0
0
0
0
0
0
0
0
0
0
0
0
0
0
0
0
0
0
0
0
0
0
0
0
0
0
0
0
0
0
0
0
0
0
0
0
0
0
0
0
0
0
0
0
0
0
0
0
0
0
0
0
0
0
0
0
0
0
0
0
0
0
0
0
0
0
0
0
0
0
0
0
0
0
0
0
0
0
0
0
0
0
0
0
0
0
0
0
0
0
0
0
0
0
0
0
0
0
0
25
36
30
45
36
29
41
31
31
32
37
24
0
0
0
0
0
0
0
0
0
0
0
0
94
98
116
76
99
96
93
86
97
95
98
104
0
0
0
0
0
0
0
0
0
0
0
0
155
172
129
100
41
39
40
58
95
148
151
149
0
0
0
0
0
0
0
0
0
0
0
0
198
191
103
43
37
26
24
29
33
146
197
198
0
0
0
0
0
0
0
0
0
0
0
0
200
221
90
36
29
21
13
31
26
67
198
221
0
0
0
0
0
0
0
0
0
0
0
0
1179
1133
621
381
299
263
277
297
361
631
1114
1152
0
0
0
0
0
0
0
0
0
0
0
0
0
0
0
0
0
0
0
0
0
0
0
0
0
0
0
0
0
0
0
0
0
0
0
0
0
0
0
0
0
0
0
0
0
0
0
0
0
0
0
0
0
0
0
0
0
0
0
0
0
0
0
0
0
0
0
0
0
0
0
0
0
0
0
0
0
0
0
0
0
0
0
0
0
0
0
0
0
0
0
0
0
0
0
0
0
0
0
0
0
0
0
0
0
0
0
0
0
0
0
0
0
0
0
0
0
0
0
0
0
0
0
0
0
0
0
0
0
0
0
0
0
0
0
0
0
0
0
0
0
0
0
0
0
0
0
0
0
0
0
0
0
0
0
0
38
33
40
30
38
21
37
37
28
49
25
25
0
0
0
0
0
0
0
0
0
0
0
0
97
79
92
81
48
38
63
50
59
93
92
92
0
0
0
0
0
0
0
0
0
0
0
0
141
144
102
33
26
17
10
22
34
114
151
138
0
0
0
0
0
0
0
0
0
0
0
0
178
143
41
26
16
17
13
27
19
46
179
185
0
0
0
0
0
0
0
0
0
0
0
0
197
150
28
19
15
12
14
11
20
26
136
174
0
0
0
0
0
0
0
0
0
0
0
0
1068
802
296
210
151
156
130
149
213
340
840
1056
0
0
0
0
0
0
0
0
0
0
0
0
0
0
0
0
0
0
0
0
0
0
0
0
0
0
0
0
0
0
0
0
0
0
0
0
0
0
0
0
0
0
0
0
0
0
0
0
0
0
0
0
0
0
0
0
0
0
0
0
0
0
0
0
0
0
0
0
0
0
0
0
0
0
0
0
0
0
0
0
0
0
0
0
0
0
0
0
0
0
0
0
0
0
0
0
0
0
0
0
0
0
0
0
0
0
0
0
0
0
0
0
0
0
0
0
0
0
0
0
0
0
0
0
0
0
0
0
0
0
0
0
0
0
0
0
0
0
0
0
0
0
0
0
0
0
0
0
0
0
0
0
0
0
0
0
29
15
24
24
24
21
24
29
18
27
30
30
0
0
0
0
0
0
0
0
0
0
0
0
78
67
48
41
29
29
21
36
52
65
54
59
0
0
0
0
0
0
0
0
0
0
0
0
86
92
27
17
11
6
11
10
14
21
98
98
0
0
0
0
0
0
0
0
0
0
0
0
125
63
11
8
12
6
5
12
10
20
68
115
0
0
0
0
0
0
0
0
0
0
0
0
125
54
10
5
12
5
5
9
4
9
80
134
0
0
0
0
0
0
0
0
0
0
0
0
859
461
162
111
86
60
75
72
103
199
430
719
0
0
0
0
0
0
0
0
0
0
0
0
0
0
0
0
0
0
0
0
0
0
0
0
0
0
0
0
0
0
0
0
0
0
0
0
0
0
0
0
0
0
0
0
0
0
0
0
0
0
0
0
0
0
0
0
0
0
0
0
0
0
0
0
0
0
0
0
0
0
0
0
0
0
0
0
0
0
0
0
0
0
0
0
0
0
0
0
0
0
0
0
0
0
0
0
0
0
0
0
0
0
0
0
0
0
0
0
0
0
0
0
0
0
0
0
0
0
0
0
0
0
0
0
0
0
0
0
0
0
0
0
0
0
0
0
0
0
0
0
0
0
0
0
0
0
0
0
0
0
0
0
0
0
0
0
22
16
22
15
16
13
8
19
12
17
12
13
0
0
0
0
0
0
0
0
0
0
0
0
34
47
26
14
9
8
10
10
13
34
41
41
0
0
0
0
0
0
0
0
0
0
0
0
47
42
11
7
3
4
2
3
6
7
52
54
0
0
0
0
0
0
0
0
0
0
0
0
76
27
15
5
6
0
1
2
6
3
33
69
0
0
0
0
0
0
0
0
0
0
0
0
74
22
4
1
3
2
0
1
3
8
23
81
0
0
0
0
0
0
0
0
0
0
0
0
518
185
59
43
33
32
35
30
50
84
200
437
0
0
0
0
0
0
0
0
0
0
0
0
0
0
0
0
0
0
0
0
0
0
0
0
0
0
0
0
0
0
0
0
0
0
0
0
0
0
0
0
0
0
0
0
0
0
0
0
0
0
0
0
0
0
0
0
0
0
0
0
0
0
0
0
0
0
0
0
0
0
0
0
0
0
0
0
0
0
0
0
0
0
0
0
0
0
0
0
0
0
0
0
0
0
0
0
0
0
0
0
0
0
0
0
0
0
0
0
0
0
0
0
0
0
0
0
0
0
0
0
0
0
0
0
0
0
0
0
0
0
0
0
0
0
0
0
0
0
0
0
0
0
0
0
0
0
0
0
0
0
0
0
0
0
0
0
7
4
9
9
5
8
6
4
7
7
9
13
0
0
0
0
0
0
0
0
0
0
0
0
20
18
5
5
2
1
2
2
2
13
12
22
0
0
0
0
0
0
0
0
0
0
0
0
27
19
3
2
0
1
3
3
0
3
16
28
0
0
0
0
0
0
0
0
0
0
0
0
26
9
5
1
1
0
3
1
1
2
6
34
0
0
0
0
0
0
0
0
0
0
0
0
31
5
3
0
1
0
1
1
3
1
5
29
0
0
0
0
0
0
0
0
0
0
0
0
222
67
20
13
12
8
7
12
13
33
73
220
0
0
0
0
0
0
0
0
0
0
0
0
0
0
0
0
0
0
0
0
0
0
0
0
0
0
0
0
0
0
0
0
0
0
0
0
0
0
0
0
0
0
0
0
0
0
0
0
0
0
0
0
0
0
0
0
0
0
0
0
0
0
0
0
0
0
0
0
0
0
0
0
0
0
0
0
0
0
0
0
0
0
0
0
0
0
0
0
0
0
0
0
0
0
0
0
0
0
0
0
0
0
0
0
0
0
0
0
0
0
0
0
0
0
0
0
0
0
0
0
0
0
0
0
0
0
0
0
0
0
0
0
0
0
0
0
0
0
0
0
0
0
0
0
0
0
0
0
0
0
0
0
0
0
0
0
2
7
2
2
2
2
1
3
5
2
1
2
0
0
0
0
0
0
0
0
0
0
0
0
7
11
5
1
0
0
1
0
1
5
13
7
0
0
0
0
0
0
0
0
0
0
0
0
8
10
2
1
1
0
1
0
1
1
1
7
0
0
0
0
0
0
0
0
0
0
0
0
13
3
2
0
0
1
1
0
0
2
0
15
0
0
0
0
0
0
0
0
0
0
0
0
12
2
1
0
0
0
0
0
0
2
1
14
0
0
0
0
0
0
0
0
0
0
0
0
94
15
9
4
5
2
1
2
6
8
21
69
0
0
0
0
0
0
0
0
0
0
0
0
0
0
0
0
0
0
0
0
0
0
0
0
0
0
0
0
0
0
0
0
0
0
0
0
0
0
0
0
0
0
0
0
0
0
0
0
0
0
0
0
0
0
0
0
0
0
0
0
0
0
0
0
0
0
0
0
0
0
0
0
0
0
0
0
0
0
0
0
0
0
0
0
0
0
0
0
0
0
0
0
0
0
0
0
0
0
0
0
0
0
0
0
0
0
0
0
0
0
0
0
0
0
0
0
0
0
0
0
0
0
0
0
0
0
0
0
0
0
0
0
0
0
0
0
0
0
0
0
0
0
0
0
0
0
0
0
0
0
0
0
0
0
0
0
1
2
2
1
0
2
0
0
0
2
1
0
0
0
0
0
0
0
0
0
0
0
0
0
1
1
1
1
0
1
0
0
0
1
6
7
0
0
0
0
0
0
0
0
0
0
0
0
2
0
0
0
0
0
0
0
0
0
1
6
0
0
0
0
0
0
0
0
0
0
0
0
4
1
0
0
0
0
0
0
0
0
0
2
0
0
0
0
0
0
0
0
0
0
0
0
4
0
0
0
0
0
0
0
0
0
0
3
0
0
0
0
0
0
0
0
0
0
0
0
18
4
1
2
1
0
0
1
1
2
8
25
0
0
0
0
0
0
0
0
0
0
0
0
0
0
0
0
0
0
0
0
0
0
0
0
0
0
0
0
0
0
0
0
0
0
0
0
0
0
0
0
0
0
0
0
0
0
0
0
0
0
0
0
0
0
0
0
0
0
0
0
0
0
0
0
0
0
0
0
0
0
0
0
0
0
0
0
0
0
0
0
0
0
0
0
0
0
0
0
0
0
0
0
0
0
0
0
0
0
0
0
0
0
0
0
0
0
0
0
0
0
0
0
0
0
0
0
0
0
0
0
0
0
0
0
0
0
0
0
0
0
0
0
0
0
0
0
0
0
0
0
0
0
0
0
0
0
0
0
0
0
0
0
0
0
0
0
1
0
0
1
0
0
1
1
0
0
0
0
0
0
0
0
0
0
0
0
0
0
0
0
1
1
0
0
0
0
0
0
1
0
0
0
0
0
0
0
0
0
0
0
0
0
0
0
1
0
0
0
0
0
0
0
0
0
0
2
0
0
0
0
0
0
0
0
0
0
0
0
2
1
0
0
0
0
0
0
0
0
0
0
0
0
0
0
0
0
0
0
0
0
0
0
2
0
0
0
0
0
0
0
0
0
0
1
0
0
0
0
0
0
0
0
0
0
0
0
14
0
3
0
0
0
0
0
0
0
0
8
0
0
0
0
0
0
0
0
0
0
0
0
0
0
0
0
0
0
0
0
0
0
0
0
0
0
0
0
0
0
0
0
0
0
0
0
0
0
0
0
0
0
0
0
0
0
0
0
0
0
0
0
0
0
0
0
0
0
0
0
0
0
0
0
0
0
0
0
0
0
0
0
0
0
0
0
0
0
0
0
0
0
0
0
0
0
0
0
0
0
0
0
0
0
0
0
0
0
0
0
0
0
0
0
0
0
0
0
0
0
0
0
0
0
0
0
0
0
0
0
0
0
0
0
0
0
0
0
0
0
0
0
0
0
0
0
0
0
0
0
0
0
0
0
0
0
0
0
0
0
0
0
0
0
0
0
1
1
0
0
0
0
0
1
0
0
0
0
0
0
0
0
0
0
0
0
0
0
0
0
0
1
0
0
0
0
0
0
0
0
1
1
0
0
0
0
0
0
0
0
0
0
0
0
0
0
0
0
0
0
0
0
0
0
0
1
0
0
0
0
0
0
0
0
0
0
0
0
0
0
0
0
0
0
0
0
0
0
0
1
0
0
0
0
0
0
0
0
0
0
0
0
0
0
0
0
0
0
0
0
0
0
0
0
0
0
0
0
0
0
0
0
0
0
0
0
7
1
1
0
0
0
0
0
0
0
0
3
0
0
0
0
0
0
