12 12 24 3 100
0
0
0
0
0
0
0
0
0
0
0
0
0
0
0
0
0
0
0
0
0
0
0
0
0
0
0
0
0
0
0
0
0
0
0
0
0
0
0
0
0
0
0
0
0
0
0
0
0
0
0
0
0
0
0
0
0
0
0
0
0
0
0
0
0
0
0
0
0
0
0
0
0
0
0
0
0
0
0
0
0
0
0
0
0
0
0
0
0
0
0
0
0
0
0
0
0
0
0
0
0
0
0
0
0
0
0
0
0
0
0
0
0
0
0
0
0
0
0
0
0
0
0
0
0
0
0
0
0
0
0
0
0
0
0
0
0
0
0
0
0
0
0
0
0
0
0
0
0
0
2
2
4
1
1
1
4
3
0
2
3
2
0
0
0
0
0
0
0
0
0
0
0
0
5
5
4
3
3
3
3
1
2
3
5
7
0
0
0
0
0
0
0
0
0
0
0
0
5
5
6
8
7
9
12
7
6
7
6
2
0
0
0
0
0
0
0
0
0
0
0
0
4
8
10
6
9
11
9
7
8
8
5
9
0
0
0
0
0
0
0
0
0
0
0
0
9
13
6
15
10
13
7
12
9
12
5
4
0
0
0
0
0
0
0
0
0
0
0
0
51
68
36
61
49
51
54
60
53
38
53
46
0
0
0
0
0
0
0
0
0
0
0
0
0
0
0
0
0
0
0
0
0
0
0
0
0
0
0
0
0
0
0
0
0
0
0
0
0
0
0
0
0
0
0
0
0
0
0
0
0
0
0
0
0
0
0
0
0
0
0
0
0
0
0
0
0
0
0
0
0
0
0
0
0
0
0
0
0
0
0
0
0
0
0
0
0
0
0
0
0
0
0
0
0
0
0
0
0
0
0
0
0
0
0
0
0
0
0
0
0
0
0
0
0
0
0
0
0
0
0
0
0
0
0
0
0
0
0
0
0
0
0
0
0
0
0
0
0
0
0
0
0
0
0
0
0
0
0
0
0
0
0
0
0
0
0
0
6
6
9
11
5
11
9
6
8
1
11
9
0
0
0
0
0
0
0
0
0
0
0
0
23
29
27
26
31
22
30
19
22
26
32
20
0
0
0
0
0
0
0
0
0
0
0
0
28
27
48
46
26
34
35
42
41
50
45
37
0
0
0
0
0
0
0
0
0
0
0
0
52
52
56
50
51
55
51
57
52
39
49
49
0
0
0
0
0
0
0
0
0
0
0
0
58
59
60
68
66
60
53
68
62
55
54
62
0
0
0
0
0
0
0
0
0
0
0
0
298
287
309
308
294
342
293
289
305
295
306
271
0
0
0
0
0
0
0
0
0
0
0
0
0
0
0
0
0
0
0
0
0
0
0
0
0
0
0
0
0
0
0
0
0
0
0
0
0
0
0
0
0
0
0
0
0
0
0
0
0
0
0
0
0
0
0
0
0
0
0
0
0
0
0
0
0
0
0
0
0
0
0
0
0
0
0
0
0
0
0
0
0
0
0
0
0
0
0
0
0
0
0
0
0
0
0
0
0
0
0
0
0
0
0
0
0
0
0
0
0
0
0
0
0
0
0
0
0
0
0
0
0
0
0
0
0
0
0
0
0
0
0
0
0
0
0
0
0
0
0
0
0
0
0
0
0
0
0
0
0
0
0
0
0
0
0
0
17
18
15
15
16
14
17
17
14
11
15
17
0
0
0
0
0
0
0
0
0
0
0
0
50
43
47
46
43
45
42
44
44
50
35
48
0
0
0
0
0
0
0
0
0
0
0
0
88
71
73
74
62
67
67
67
71
81
74
69
0
0
0
0
0
0
0
0
0
0
0
0
92
83
99
90
93
84
99
91
112
102
101
107
0
0
0
0
0
0
0
0
0
0
0
0
108
106
109
97
91
99
123
103
98
97
107
104
0
0
0
0
0
0
0
0
0
0
0
0
622
565
587
519
539
517
522
586
555
526
540
590
0
0
0
0
0
0
0
0
0
0
0
0
0
0
0
0
0
0
0
0
0
0
0
0
0
0
0
0
0
0
0
0
0
0
0
0
0
0
0
0
0
0
0
0
0
0
0
0
0
0
0
0
0
0
0
0
0
0
0
0
0
0
0
0
0
0
0
0
0
0
0
0
0
0
0
0
0
0
0
0
0
0
0
0
0
0
0
0
0
0
0
0
0
0
0
0
0
0
0
0
0
0
0
0
0
0
0
0
0
0
0
0
0
0
0
0
0
0
0
0
0
0
0
0
0
0
0
0
0
0
0
0
0
0
0
0
0
0
0
0
0
0
0
0
0
0
0
0
0
0
0
0
0
0
0
0
21
21
20
15
17
19
16
20
16
22
22
13
0
0
0
0
0
0
0
0
0
0
0
0
46
38
52
63
42
44
50
51
44
39
39
53
0
0
0
0
0
0
0
0
0
0
0
0
83
76
77
86
92
75
78
69
73
96
100
92
0
0
0
0
0
0
0
0
0
0
0
0
120
123
102
101
101
79
89
104
78
98
121
91
0
0
0
0
0
0
0
0
0
0
0
0
117
127
109
111
118
111
106
97
103
111
123
152
0
0
0
0
0
0
0
0
0
0
0
0
628
616
589
543
537
559
537
539
554
627
608
671
0
0
0
0
0
0
0
0
0
0
0
0
0
0
0
0
0
0
0
0
0
0
0
0
0
0
0
0
0
0
0
0
0
0
0
0
0
0
0
0
0
0
0
0
0
0
0
0
0
0
0
0
0
0
0
0
0
0
0
0
0
0
0
0
0
0
0
0
0
0
0
0
0
0
0
0
0
0
0
0
0
0
0
0
0
0
0
0
0
0
0
0
0
0
0
0
0
0
0
0
0
0
0
0
0
0
0
0
0
0
0
0
0
0
0
0
0
0
0
0
0
0
0
0
0
0
0
0
0
0
0
0
0
0
0
0
0
0
0
0
0
0
0
0
0
0
0
0
0
0
0
0
0
0
0
0
12
17
11
14
13
11
14
9
12
15
11
11
0
0
0
0
0
0
0
0
0
0
0
0
35
52
36
35
47
46
38
38
35
39
38
47
0
0
0
0
0
0
0
0
0
0
0
0
67
58
61
57
59
46
67
50
77
75
57
72
0
0
0
0
0
0
0
0
0
0
0
0
86
87
63
80
64
65
62
57
71
93
86
106
0
0
0
0
0
0
0
0
0
0
0
0
80
115
99
88
81
61
60
74
81
107
91
103
0
0
0
0
0
0
0
0
0
0
0
0
464
452
471
414
357
387
350
403
431
468
503
470
0
0
0
0
0
0
0
0
0
0
0
0
0
0
0
0
0
0
0
0
0
0
0
0
0
0
0
0
0
0
0
0
0
0
0
0
0
0
0
0
0
0
0
0
0
0
0
0
0
0
0
0
0
0
0
0
0
0
0
0
0
0
0
0
0
0
0
0
0
0
0
0
0
0
0
0
0
0
0
0
0
0
0
0
0
0
0
0
0
0
0
0
0
0
0
0
0
0
0
0
0
0
0
0
0
0
0
0
0
0
0
0
0
0
0
0
0
0
0
0
0
0
0
0
0
0
0
0
0
0
0
0
0
0
0
0
0
0
0
0
0
0
0
0
0
0
0
0
0
0
0
0
0
0
0
0
5
6
9
4
7
6
6
6
10
6
10
10
0
0
0
0
0
0
0
0
0
0
0
0
28
16
18
25
15
20
23
27
28
20
30
21
0
0
0
0
0
0
0
0
0
0
0
0
52
42
37
46
28
42
37
33
29
36
20
41
0
0
0
0
0
0
0
0
0
0
0
0
39
53
38
39
35
39
29
39
46
47
57
59
0
0
0
0
0
0
0
0
0
0
0
0
59
60
46
44
51
25
30
40
38
57
57
65
0
0
0
0
0
0
0
0
0
0
0
0
284
279
247
226
191
207
173
201
241
264
272
310
0
0
0
0
0
0
0
0
0
0
0
0
0
0
0
0
0
0
0
0
0
0
0
0
0
0
0
0
0
0
0
0
0
0
0
0
0
0
0
0
0
0
0
0
0
0
0
0
0
0
0
0
0
0
0
0
0
0
0
0
0
0
0
0
0
0
0
0
0
0
0
0
0
0
0
0
0
0
0
0
0
0
0
0
0
0
0
0
0
0
0
0
0
0
0
0
0
0
0
0
0
0
0
0
0
0
0
0
0
0
0
0
0
0
0
0
0
0
0
0
0
0
0
0
0
0
0
0
0
0
0
0
0
0
0
0
0
0
0
0
0
0
0
0
0
0
0
0
0
0
0
0
0
0
0
0
5
5
1
5
1
5
2
5
3
4
3
2
0
0
0
0
0
0
0
0
0
0
0
0
13
9
7
11
8
7
4
6
7
12
10
6
0
0
0
0
0
0
0
0
0
0
0
0
18
20
19
8
17
11
14
14
12
15
15
18
0
0
0
0
0
0
0
0
0
0
0
0
27
35
30
15
25
16
13
15
16
20
21
29
0
0
0
0
0
0
0
0
0
0
0
0
31
25
18
15
15
12
8
19
15
20
38
30
0
0
0
0
0
0
0
0
0
0
0
0
131
140
117
89
82
85
82
81
100
128
106
105
0
0
0
0
0
0
0
0
0
0
0
0
0
0
0
0
0
0
0
0
0
0
0
0
0
0
0
0
0
0
0
0
0
0
0
0
0
0
0
0
0
0
0
0
0
0
0
0
0
0
0
0
0
0
0
0
0
0
0
0
0
0
0
0
0
0
0
0
0
0
0
0
0
0
0
0
0
0
0
0
0
0
0
0
0
0
0
0
0
0
0
0
0
0
0
0
0
0
0
0
0
0
0
0
0
0
0
0
0
0
0
0
0
0
0
0
0
0
0
0
0
0
0
0
0
0
0
0
0
0
0
0
0
0
0
0
0
0
0
0
0
0
0
0
0
0
0
0
0
0
0
0
0
0
0
0
0
1
1
0
1
0
2
0
1
3
1
0
0
0
0
0
0
0
0
0
0
0
0
0
4
6
5
2
2
4
2
2
4
2
6
2
0
0
0
0
0
0
0
0
0
0
0
0
9
7
12
4
3
4
4
6
6
4
11
9
0
0
0
0
0
0
0
0
0
0
0
0
9
9
4
7
6
3
8
5
4
10
5
16
0
0
0
0
0
0
0
0
0
0
0
0
17
12
9
5
4
3
9
7
5
12
5
7
0
0
0
0
0
0
0
0
0
0
0
0
55
40
40
34
28
26
25
35
26
30
43
46
0
0
0
0
0
0
0
0
0
0
0
0
0
0
0
0
0
0
0
0
0
0
0
0
0
0
0
0
0
0
0
0
0
0
0
0
0
0
0
0
0
0
0
0
0
0
0
0
0
0
0
0
0
0
0
0
0
0
0
0
0
0
0
0
0
0
0
0
0
0
0
0
0
0
0
0
0
0
0
0
0
0
0
0
0
0
0
0
0
0
0
0
0
0
0
0
0
0
0
0
0
0
0
0
0
0
0
0
0
0
0
0
0
0
0
0
0
0
0
0
0
0
0
0
0
0
0
0
0
0
0
0
0
0
0
0
0
0
0
0
0
0
0
0
0
0
0
0
0
0
0
0
0
0
0
0
1
0
0
0
0
0
1
1
2
0
1
1
0
0
0
0
0
0
0
0
0
0
0
0
1
2
0
2
0
3
3
2
1
3
0
1
0
0
0
0
0
0
0
0
0
0
0
0
2
1
2
3
1
0
2
1
3
4
3
5
0
0
0
0
0
0
0
0
0
0
0
0
3
4
0
2
0
0
2
1
2
3
7
6
0
0
0
0
0
0
0
0
0
0
0
0
4
4
1
2
0
3
2
1
1
6
4
6
0
0
0
0
0
0
0
0
0
0
0
0
12
8
10
5
7
11
7
11
5
6
9
10
0
0
0
0
0
0
0
0
0
0
0
0
0
0
0
0
0
0
0
0
0
0
0
0
0
0
0
0
0
0
0
0
0
0
0
0
0
0
0
0
0
0
0
0
0
0
0
0
0
0
0
0
0
0
0
0
0
0
0
0
0
0
0
0
0
0
0
0
0
0
0
0
0
0
0
0
0
0
0
0
0
0
0
0
0
0
0
0
0
0
0
0
0
0
0
0
0
0
0
0
0
0
0
0
0
0
0
0
0
0
0
0
0
0
0
0
0
0
0
0
0
0
0
0
0
0
0
0
0
0
0
0
0
0
0
0
0
0
0
0
0
0
0
0
0
0
0
0
0
0
0
0
0
0
0
0
0
0
0
0
0
0
0
0
0
0
0
0
0
0
0
0
0
0
0
0
0
0
0
0
0
0
3
0
0
1
0
0
0
0
0
0
0
0
0
0
0
0
0
0
0
0
0
0
3
2
0
1
2
0
0
0
1
1
2
0
0
0
0
0
0
0
0
0
0
0
0
0
1
0
0
2
0
1
0
1
0
2
1
4
0
0
0
0
0
0
0
0
0
0
0
0
2
4
1
0
0
1
0
0
0
0
1
1
0
0
0
0
0
0
0
0
0
0
0
0
5
4
3
3
1
0
1
1
2
1
2
8
0
0
0
0
0
0
0
0
0
0
0
0
0
0
0
0
0
0
0
0
0
0
0
0
0
0
0
0
0
0
0
0
0
0
0
0
0
0
0
0
0
0
0
0
0
0
0
0
0
0
0
0
0
0
0
0
0
0
0
0
0
0
0
0
0
0
0
0
0
0
0
0
0
0
0
0
0
0
0
0
0
0
0
0
0
0
0
0
0
0
0
0
0
0
0
0
0
0
0
0
0
0
0
0
0
0
0
0
0
0
0
0
0
0
0
0
0
0
0
0
0
0
0
0
0
0
0
0
0
0
0
0
0
0
0
0
0
0
0
0
0
0
0
0
0
0
0
0
0
0
0
0
0
0
0
0
0
0
0
0
0
1
0
1
0
0
0
0
0
0
0
0
0
0
0
0
0
0
0
0
1
0
0
0
0
0
0
0
0
0
0
1
0
0
0
0
0
0
0
0
0
0
0
0
1
0
0
0
0
0
0
0
0
0
1
0
0
0
0
0
0
0
0
0
0
0
0
0
2
0
0
0
0
0
0
0
0
0
1
0
0
0
0
0
0
0
0
0
0
0
0
0
1
0
0
0
0
0
0
0
0
0
0
0
0
0
0
0
0
0
0
0
0
0
0
0
2
2
1
0
1
0
0
1
1
0
0
4
0
0
0
0
0
0
0
0
0
0
0
0
0
0
0
0
0
0
0
0
0
0
0
0
0
0
0
0
0
0
0
0
0
0
0
0
0
0
0
0
0
0
0
0
0
0
0
0
0
0
0
0
0
0
0
0
0
0
0
0
0
0
0
0
0
0
0
0
0
0
0
0
0
0
0
0
0
0
0
0
0
0
0
0
0
0
0
0
0
0
0
0
0
0
0
0
0
0
0
0
0
0
0
0
0
0
0
0
0
0
0
0
0
0
0
0
0
0
0
0
0
0
0
0
0
0
0
0
0
0
0
0
0
0
0
0
0
0
0
0
0
0
0
0
0
0
0
0
0
0
0
0
0
0
0
0
1
0
0
0
0
0
0
0
0
0
0
0
0
0
0
0
0
0
0
0
0
0
0
0
0
0
2
0
0
0
0
0
0
0
0
0
0
0
0
0
0
0
0
0
0
0
0
0
1
0
0
0
0
0
0
0
0
0
2
1
0
0
0
0
0
0
0
0
0
0
0
0
0
1
0
1
0
0
0
0
0
0
0
1
0
0
0
0
0
0
0
0
0
0
0
0
1
0
0
0
0
0
0
0
0
0
0
1
0
0
0
0
0
0
0
0
0
0
0
0
3
2
0
0
0
0
0
0
0
1
3
1
0
0
0
0
0
0
