12 12 24 6 100
0
0
0
0
0
0
0
0
0
0
0
0
0
0
0
0
0
0
0
0
0
0
0
0
0
0
0
0
0
0
0
0
0
0
0
0
0
0
0
0
0
0
0
0
0
0
0
0
0
0
0
0
0
0
0
0
0
0
0
0
0
0
0
0
0
0
0
0
0
0
0
0
0
0
0
0
0
0
0
0
0
0
0
0
0
0
0
0
0
0
0
0
0
0
0
0
0
0
0
0
0
0
0
0
0
0
0
0
0
0
0
0
0
0
0
0
0
0
0
0
0
0
0
0
0
0
0
0
0
0
0
0
0
0
0
0
0
0
0
0
0
0
0
0
0
0
0
0
0
0
3
3
4
1
6
5
6
2
2
3
1
4
0
0
0
0
0
0
0
0
0
0
0
0
3
6
8
5
7
9
9
5
7
1
5
6
0
0
0
0
0
0
0
0
0
0
0
0
12
15
9
10
9
11
9
14
5
11
5
12
0
0
0
0
0
0
0
0
0
0
0
0
18
20
17
13
14
17
15
22
12
12
12
11
0
0
0
0
0
0
0
0
0
0
0
0
11
20
16
21
20
12
17
19
8
18
15
13
0
0
0
0
0
0
0
0
0
0
0
0
92
72
71
73
80
85
83
82
97
85
72
64
0
0
0
0
0
0
0
0
0
0
0
0
0
0
0
0
0
0
0
0
0
0
0
0
0
0
0
0
0
0
0
0
0
0
0
0
0
0
0
0
0
0
0
0
0
0
0
0
0
0
0
0
0
0
0
0
0
0
0
0
0
0
0
0
0
0
0
0
0
0
0
0
0
0
0
0
0
0
0
0
0
0
0
0
0
0
0
0
0
0
0
0
0
0
0
0
0
0
0
0
0
0
0
0
0
0
0
0
0
0
0
0
0
0
0
0
0
0
0
0
0
0
0
0
0
0
0
0
0
0
0
0
0
0
0
0
0
0
0
0
0
0
0
0
0
0
0
0
0
0
0
0
0
0
0
0
9
13
7
8
14
8
18
15
13
5
15
10
0
0
0
0
0
0
0
0
0
0
0
0
27
33
31
42
34
39
44
33
36
42
42
37
0
0
0
0
0
0
0
0
0
0
0
0
63
67
67
62
63
54
58
51
68
64
57
56
0
0
0
0
0
0
0
0
0
0
0
0
84
73
75
74
65
69
74
66
60
65
89
88
0
0
0
0
0
0
0
0
0
0
0
0
96
96
88
74
67
73
87
101
86
86
95
110
0
0
0
0
0
0
0
0
0
0
0
0
485
495
467
428
441
433
425
461
481
508
442
444
0
0
0
0
0
0
0
0
0
0
0
0
0
0
0
0
0
0
0
0
0
0
0
0
0
0
0
0
0
0
0
0
0
0
0
0
0
0
0
0
0
0
0
0
0
0
0
0
0
0
0
0
0
0
0
0
0
0
0
0
0
0
0
0
0
0
0
0
0
0
0
0
0
0
0
0
0
0
0
0
0
0
0
0
0
0
0
0
0
0
0
0
0
0
0
0
0
0
0
0
0
0
0
0
0
0
0
0
0
0
0
0
0
0
0
0
0
0
0
0
0
0
0
0
0
0
0
0
0
0
0
0
0
0
0
0
0
0
0
0
0
0
0
0
0
0
0
0
0
0
0
0
0
0
0
0
21
31
21
25
15
30
15
29
36
20
29
21
0
0
0
0
0
0
0
0
0
0
0
0
68
84
55
96
60
65
60
67
84
68
68
79
0
0
0
0
0
0
0
0
0
0
0
0
91
113
103
102
111
88
102
104
115
119
130
113
0
0
0
0
0
0
0
0
0
0
0
0
151
141
145
123
129
120
120
132
124
138
143
161
0
0
0
0
0
0
0
0
0
0
0
0
175
153
159
151
126
134
131
149
151
151
165
182
0
0
0
0
0
0
0
0
0
0
0
0
877
917
887
816
732
780
735
691
843
924
917
900
0
0
0
0
0
0
0
0
0
0
0
0
0
0
0
0
0
0
0
0
0
0
0
0
0
0
0
0
0
0
0
0
0
0
0
0
0
0
0
0
0
0
0
0
0
0
0
0
0
0
0
0
0
0
0
0
0
0
0
0
0
0
0
0
0
0
0
0
0
0
0
0
0
0
0
0
0
0
0
0
0
0
0
0
0
0
0
0
0
0
0
0
0
0
0
0
0
0
0
0
0
0
0
0
0
0
0
0
0
0
0
0
0
0
0
0
0
0
0
0
0
0
0
0
0
0
0
0
0
0
0
0
0
0
0
0
0
0
0
0
0
0
0
0
0
0
0
0
0
0
0
0
0
0
0
0
22
29
34
36
30
41
25
30
25
28
25
28
0
0
0
0
0
0
0
0
0
0
0
0
77
84
78
74
82
68
80
76
91
86
110
80
0
0
0
0
0
0
0
0
0
0
0
0
136
141
115
130
97
108
115
117
126
106
132
133
0
0
0
0
0
0
0
0
0
0
0
0
173
169
154
134
120
97
122
120
137
153
166
174
0
0
0
0
0
0
0
0
0
0
0
0
226
182
151
151
143
106
109
131
143
163
189
199
0
0
0
0
0
0
0
0
0
0
0
0
1154
970
928
897
754
750
689
744
839
936
1039
1153
0
0
0
0
0
0
0
0
0
0
0
0
0
0
0
0
0
0
0
0
0
0
0
0
0
0
0
0
0
0
0
0
0
0
0
0
0
0
0
0
0
0
0
0
0
0
0
0
0
0
0
0
0
0
0
0
0
0
0
0
0
0
0
0
0
0
0
0
0
0
0
0
0
0
0
0
0
0
0
0
0
0
0
0
0
0
0
0
0
0
0
0
0
0
0
0
0
0
0
0
0
0
0
0
0
0
0
0
0
0
0
0
0
0
0
0
0
0
0
0
0
0
0
0
0
0
0
0
0
0
0
0
0
0
0
0
0
0
0
0
0
0
0
0
0
0
0
0
0
0
0
0
0
0
0
0
23
36
29
27
29
14
17
25
26
26
24
26
0
0
0
0
0
0
0
0
0
0
0
0
72
70
54
64
55
66
59
74
58
81
66
57
0
0
0
0
0
0
0
0
0
0
0
0
98
111
106
87
73
83
82
73
95
98
83
99
0
0
0
0
0
0
0
0
0
0
0
0
152
146
96
90
64
62
73
71
102
114
128
130
0
0
0
0
0
0
0
0
0
0
0
0
168
156
135
85
86
82
65
69
84
111
136
154
0
0
0
0
0
0
0
0
0
0
0
0
970
825
711
566
474
393
473
522
614
808
913
945
0
0
0
0
0
0
0
0
0
0
0
0
0
0
0
0
0
0
0
0
0
0
0
0
0
0
0
0
0
0
0
0
0
0
0
0
0
0
0
0
0
0
0
0
0
0
0
0
0
0
0
0
0
0
0
0
0
0
0
0
0
0
0
0
0
0
0
0
0
0
0
0
0
0
0
0
0
0
0
0
0
0
0
0
0
0
0
0
0
0
0
0
0
0
0
0
0
0
0
0
0
0
0
0
0
0
0
0
0
0
0
0
0
0
0
0
0
0
0
0
0
0
0
0
0
0
0
0
0
0
0
0
0
0
0
0
0
0
0
0
0
0
0
0
0
0
0
0
0
0
0
0
0
0
0
0
16
17
22
30
15
13
16
17
10
10
16
11
0
0
0
0
0
0
0
0
0
0
0
0
48
45
39
37
24
21
32
32
40
39
42
45
0
0
0
0
0
0
0
0
0
0
0
0
80
72
52
49
40
41
50
37
61
56
69
78
0
0
0
0
0
0
0
0
0
0
0
0
85
70
60
46
37
33
36
38
54
52
77
98
0
0
0
0
0
0
0
0
0
0
0
0
119
76
58
48
36
31
37
43
46
77
89
104
0
0
0
0
0
0
0
0
0
0
0
0
630
459
429
288
221
226
217
260
321
396
540
601
0
0
0
0
0
0
0
0
0
0
0
0
0
0
0
0
0
0
0
0
0
0
0
0
0
0
0
0
0
0
0
0
0
0
0
0
0
0
0
0
0
0
0
0
0
0
0
0
0
0
0
0
0
0
0
0
0
0
0
0
0
0
0
0
0
0
0
0
0
0
0
0
0
0
0
0
0
0
0
0
0
0
0
0
0
0
0
0
0
0
0
0
0
0
0
0
0
0
0
0
0
0
0
0
0
0
0
0
0
0
0
0
0
0
0
0
0
0
0
0
0
0
0
0
0
0
0
0
0
0
0
0
0
0
0
0
0
0
0
0
0
0
0
0
0
0
0
0
0
0
0
0
0
0
0
0
7
9
9
8
8
6
8
10
12
7
9
11
0
0
0
0
0
0
0
0
0
0
0
0
21
24
19
13
21
16
17
16
26
20
19
21
0
0
0
0
0
0
0
0
0
0
0
0
36
28
30
23
19
20
18
12
26
26
36
40
0
0
0
0
0
0
0
0
0
0
0
0
49
49
30
12
12
13
15
12
20
29
35
48
0
0
0
0
0
0
0
0
0
0
0
0
44
39
31
13
11
11
7
15
24
24
33
48
0
0
0
0
0
0
0
0
0
0
0
0
280
261
180
121
93
87
91
85
142
196
259
328
0
0
0
0
0
0
0
0
0
0
0
0
0
0
0
0
0
0
0
0
0
0
0
0
0
0
0
0
0
0
0
0
0
0
0
0
0
0
0
0
0
0
0
0
0
0
0
0
0
0
0
0
0
0
0
0
0
0
0
0
0
0
0
0
0
0
0
0
0
0
0
0
0
0
0
0
0
0
0
0
0
0
0
0
0
0
0
0
0
0
0
0
0
0
0
0
0
0
0
0
0
0
0
0
0
0
0
0
0
0
0
0
0
0
0
0
0
0
0
0
0
0
0
0
0
0
0
0
0
0
0
0
0
0
0
0
0
0
0
0
0
0
0
0
0
0
0
0
0
0
0
0
0
0
0
0
5
2
0
4
4
1
3
8
6
5
0
8
0
0
0
0
0
0
0
0
0
0
0
0
8
13
10
7
6
9
5
10
8
7
9
12
0
0
0
0
0
0
0
0
0
0
0
0
16
8
7
2
4
6
2
4
10
16
8
18
0
0
0
0
0
0
0
0
0
0
0
0
11
9
13
8
7
4
3
4
5
11
15
15
0
0
0
0
0
0
0
0
0
0
0
0
27
8
7
1
2
2
5
2
13
4
16
22
0
0
0
0
0
0
0
0
0
0
0
0
128
107
86
41
27
19
19
21
39
78
104
138
0
0
0
0
0
0
0
0
0
0
0
0
0
0
0
0
0
0
0
0
0
0
0
0
0
0
0
0
0
0
0
0
0
0
0
0
0
0
0
0
0
0
0
0
0
0
0
0
0
0
0
0
0
0
0
0
0
0
0
0
0
0
0
0
0
0
0
0
0
0
0
0
0
0
0
0
0
0
0
0
0
0
0
0
0
0
0
0
0
0
0
0
0
0
0
0
0
0
0
0
0
0
0
0
0
0
0
0
0
0
0
0
0
0
0
0
0
0
0
0
0
0
0
0
0
0
0
0
0
0
0
0
0
0
0
0
0
0
0
0
0
0
0
0
0
0
0
0
0
0
0
0
0
0
0
0
0
4
1
2
0
1
3
2
2
1
1
1
0
0
0
0
0
0
0
0
0
0
0
0
2
3
3
4
2
2
1
2
2
3
1
1
0
0
0
0
0
0
0
0
0
0
0
0
4
3
4
1
0
0
3
3
1
5
7
7
0
0
0
0
0
0
0
0
0
0
0
0
7
3
1
0
2
0
0
0
2
0
5
12
0
0
0
0
0
0
0
0
0
0
0
0
9
4
3
0
3
2
2
0
2
3
4
3
0
0
0
0
0
0
0
0
0
0
0
0
56
29
23
21
5
6
6
7
8
22
33
39
0
0
0
0
0
0
0
0
0
0
0
0
0
0
0
0
0
0
0
0
0
0
0
0
0
0
0
0
0
0
0
0
0
0
0
0
0
0
0
0
0
0
0
0
0
0
0
0
0
0
0
0
0
0
0
0
0
0
0
0
0
0
0
0
0
0
0
0
0
0
0
0
0
0
0
0
0
0
0
0
0
0
0
0
0
0
0
0
0
0
0
0
0
0
0
0
0
0
0
0
0
0
0
0
0
0
0
0
0
0
0
0
0
0
0
0
0
0
0
0
0
0
0
0
0
0
0
0
0
0
0
0
0
0
0
0
0
0
0
0
0
0
0
0
0
0
0
0
0
0
0
0
0
0
0
0
0
2
1
0
1
0
0
0
1
0
0
0
0
0
0
0
0
0
0
0
0
0
0
0
4
1
2
0
1
1
1
3
1
0
0
1
0
0
0
0
0
0
0
0
0
0
0
0
0
0
1
1
1
0
0
2
0
2
2
0
0
0
0
0
0
0
0
0
0
0
0
0
5
1
0
1
0
0
0
0
2
0
1
0
0
0
0
0
0
0
0
0
0
0
0
0
3
3
0
0
0
0
0
0
0
0
3
3
0
0
0
0
0
0
0
0
0
0
0
0
14
15
3
2
0
3
1
0
2
3
9
29
0
0
0
0
0
0
0
0
0
0
0
0
0
0
0
0
0
0
0
0
0
0
0
0
0
0
0
0
0
0
0
0
0
0
0
0
0
0
0
0
0
0
0
0
0
0
0
0
0
0
0
0
0
0
0
0
0
0
0
0
0
0
0
0
0
0
0
0
0
0
0
0
0
0
0
0
0
0
0
0
0
0
0
0
0
0
0
0
0
0
0
0
0
0
0
0
0
0
0
0
0
0
0
0
0
0
0
0
0
0
0
0
0
0
0
0
0
0
0
0
0
0
0
0
0
0
0
0
0
0
0
0
0
0
0
0
0
0
0
0
0
0
0
0
0
0
0
0
0
0
0
0
0
0
0
0
1
0
0
0
0
0
0
0
0
0
0
0
0
0
0
0
0
0
0
0
0
0
0
0
0
0
1
0
0
0
1
0
0
0
1
0
0
0
0
0
0
0
0
0
0
0
0
0
0
0
0
1
0
0
1
0
0
0
1
1
0
0
0
0
0
0
0
0
0
0
0
0
1
0
1
0
0
0
0
0
0
0
0
0
0
0
0
0
0
0
0
0
0
0
0
0
1
0
0
0
0
0
0
0
0
0
1
0
0
0
0
0
0
0
0
0
0
0
0
0
6
0
3
1
1
0
0
0
0
1
2
6
0
0
0
0
0
0
0
0
0
0
0
0
0
0
0
0
0
0
0
0
0
0
0
0
0
0
0
0
0
0
0
0
0
0
0
0
0
0
0
0
0
0
0
0
0
0
0
0
0
0
0
0
0
0
0
0
0
0
0
0
0
0
0
0
0
0
0
0
0
0
0
0
0
0
0
0
0
0
0
0
0
0
0
0
0
0
0
0
0
0
0
0
0
0
0
0
0
0
0
0
0
0
0
0
0
0
0
0
0
0
0
0
0
0
0
0
0
0
0
0
0
0
0
0
0
0
0
0
0
0
0
0
0
0
0
0
0
0
0
0
0
0
0
0
0
0
0
0
0
0
0
0
0
0
0
0
0
0
0
0
0
0
0
0
0
0
0
0
0
0
0
0
0
0
0
0
0
0
0
0
1
0
0
0
0
0
0
0
0
0
0
0
0
0
0
0
0
0
0
0
0
0
0
0
2
0
0
0
0
0
0
0
0
0
0
0
0
0
0
0
0
0
0
0
0
0
0
0
0
0
0
1
0
0
0
0
0
0
0
0
0
0
0
0
0
0
0
0
0
0
0
0
0
0
0
0
0
0
0
0
0
0
0
1
0
0
0
0
0
0
0
0
0
0
0
0
4
0
0
1
0
0
0
0
1
0
2
1
0
0
0
0
0
0
