12 12 24 4 100
0
0
0
0
0
0
0
0
0
0
0
0
0
0
0
0
0
0
0
0
0
0
0
0
0
0
0
0
0
0
0
0
0
0
0
0
0
0
0
0
0
0
0
0
0
0
0
0
0
0
0
0
0
0
0
0
0
0
0
0
0
0
0
0
0
0
0
0
0
0
0
0
0
0
0
0
0
0
0
0
0
0
0
0
0
0
0
0
0
0
0
0
0
0
0
0
0
0
0
0
0
0
0
0
0
0
0
0
0
0
0
0
0
0
0
0
0
0
0
0
0
0
0
0
0
0
0
0
0
0
0
0
0
0
0
0
0
0
0
0
0
0
0
0
0
0
0
0
0
0
2
2
0
4
0
4
3
1
0
2
3
2
0
0
0
0
0
0
0
0
0
0
0
0
4
3
6
5
4
6
4
7
9
4
1
5
0
0
0
0
0
0
0
0
0
0
0
0
7
8
2
9
7
10
9
9
9
7
4
5
0
0
0
0
0
0
0
0
0
0
0
0
13
12
5
9
8
8
13
5
11
15
10
8
0
0
0
0
0
0
0
0
0
0
0
0
15
14
8
16
18
12
20
13
11
11
12
12
0
0
0
0
0
0
0
0
0
0
0
0
63
74
56
59
63
70
53
47
54
60
63
61
0
0
0
0
0
0
0
0
0
0
0
0
0
0
0
0
0
0
0
0
0
0
0
0
0
0
0
0
0
0
0
0
0
0
0
0
0
0
0
0
0
0
0
0
0
0
0
0
0
0
0
0
0
0
0
0
0
0
0
0
0
0
0
0
0
0
0
0
0
0
0
0
0
0
0
0
0
0
0
0
0
0
0
0
0
0
0
0
0
0
0
0
0
0
0
0
0
0
0
0
0
0
0
0
0
0
0
0
0
0
0
0
0
0
0
0
0
0
0
0
0
0
0
0
0
0
0
0
0
0
0
0
0
0
0
0
0
0
0
0
0
0
0
0
0
0
0
0
0
0
0
0
0
0
0
0
13
9
6
9
10
8
16
8
7
10
8
15
0
0
0
0
0
0
0
0
0
0
0
0
32
23
17
24
29
26
33
34
25
29
28
30
0
0
0
0
0
0
0
0
0
0
0
0
35
54
48
40
47
53
47
55
40
51
34
42
0
0
0
0
0
0
0
0
0
0
0
0
60
57
58
57
59
56
59
47
63
59
56
77
0
0
0
0
0
0
0
0
0
0
0
0
69
57
76
56
51
58
70
61
71
76
62
65
0
0
0
0
0
0
0
0
0
0
0
0
355
348
351
341
331
353
316
337
347
333
357
331
0
0
0
0
0
0
0
0
0
0
0
0
0
0
0
0
0
0
0
0
0
0
0
0
0
0
0
0
0
0
0
0
0
0
0
0
0
0
0
0
0
0
0
0
0
0
0
0
0
0
0
0
0
0
0
0
0
0
0
0
0
0
0
0
0
0
0
0
0
0
0
0
0
0
0
0
0
0
0
0
0
0
0
0
0
0
0
0
0
0
0
0
0
0
0
0
0
0
0
0
0
0
0
0
0
0
0
0
0
0
0
0
0
0
0
0
0
0
0
0
0
0
0
0
0
0
0
0
0
0
0
0
0
0
0
0
0
0
0
0
0
0
0
0
0
0
0
0
0
0
0
0
0
0
0
0
9
27
13
25
18
21
28
10
22
17
20
18
0
0
0
0
0
0
0
0
0
0
0
0
60
52
50
50
57
62
58
48
50
43
50
64
0
0
0
0
0
0
0
0
0
0
0
0
89
90
78
82
70
76
72
86
71
76
86
80
0
0
0
0
0
0
0
0
0
0
0
0
124
86
112
95
90
96
109
106
115
99
109
101
0
0
0
0
0
0
0
0
0
0
0
0
132
129
114
131
103
93
106
112
144
125
131
117
0
0
0
0
0
0
0
0
0
0
0
0
671
695
638
616
589
593
587
618
599
642
644
670
0
0
0
0
0
0
0
0
0
0
0
0
0
0
0
0
0
0
0
0
0
0
0
0
0
0
0
0
0
0
0
0
0
0
0
0
0
0
0
0
0
0
0
0
0
0
0
0
0
0
0
0
0
0
0
0
0
0
0
0
0
0
0
0
0
0
0
0
0
0
0
0
0
0
0
0
0
0
0
0
0
0
0
0
0
0
0
0
0
0
0
0
0
0
0
0
0
0
0
0
0
0
0
0
0
0
0
0
0
0
0
0
0
0
0
0
0
0
0
0
0
0
0
0
0
0
0
0
0
0
0
0
0
0
0
0
0
0
0
0
0
0
0
0
0
0
0
0
0
0
0
0
0
0
0
0
22
28
23
20
19
22
17
24
18
23
18
35
0
0
0
0
0
0
0
0
0
0
0
0
55
59
61
56
49
67
67
59
67
75
66
54
0
0
0
0
0
0
0
0
0
0
0
0
107
75
111
83
78
84
90
82
93
86
75
101
0
0
0
0
0
0
0
0
0
0
0
0
120
115
110
108
90
113
100
88
104
115
103
123
0
0
0
0
0
0
0
0
0
0
0
0
137
119
128
133
112
103
115
113
119
134
131
125
0
0
0
0
0
0
0
0
0
0
0
0
759
760
689
657
604
604
584
593
630
679
764
758
0
0
0
0
0
0
0
0
0
0
0
0
0
0
0
0
0
0
0
0
0
0
0
0
0
0
0
0
0
0
0
0
0
0
0
0
0
0
0
0
0
0
0
0
0
0
0
0
0
0
0
0
0
0
0
0
0
0
0
0
0
0
0
0
0
0
0
0
0
0
0
0
0
0
0
0
0
0
0
0
0
0
0
0
0
0
0
0
0
0
0
0
0
0
0
0
0
0
0
0
0
0
0
0
0
0
0
0
0
0
0
0
0
0
0
0
0
0
0
0
0
0
0
0
0
0
0
0
0
0
0
0
0
0
0
0
0
0
0
0
0
0
0
0
0
0
0
0
0
0
0
0
0
0
0
0
22
19
22
26
24
17
20
14
14
20
19
24
0
0
0
0
0
0
0
0
0
0
0
0
41
52
53
40
51
45
40
43
37
42
44
64
0
0
0
0
0
0
0
0
0
0
0
0
70
87
75
66
65
56
63
64
72
65
81
88
0
0
0
0
0
0
0
0
0
0
0
0
88
106
81
79
66
63
61
61
83
76
70
94
0
0
0
0
0
0
0
0
0
0
0
0
107
89
81
88
74
53
59
64
89
110
82
90
0
0
0
0
0
0
0
0
0
0
0
0
651
595
586
502
425
378
401
435
473
504
583
643
0
0
0
0
0
0
0
0
0
0
0
0
0
0
0
0
0
0
0
0
0
0
0
0
0
0
0
0
0
0
0
0
0
0
0
0
0
0
0
0
0
0
0
0
0
0
0
0
0
0
0
0
0
0
0
0
0
0
0
0
0
0
0
0
0
0
0
0
0
0
0
0
0
0
0
0
0
0
0
0
0
0
0
0
0
0
0
0
0
0
0
0
0
0
0
0
0
0
0
0
0
0
0
0
0
0
0
0
0
0
0
0
0
0
0
0
0
0
0
0
0
0
0
0
0
0
0
0
0
0
0
0
0
0
0
0
0
0
0
0
0
0
0
0
0
0
0
0
0
0
0
0
0
0
0
0
12
14
14
11
8
10
17
14
20
4
10
9
0
0
0
0
0
0
0
0
0
0
0
0
27
24
35
24
20
21
21
40
27
33
25
26
0
0
0
0
0
0
0
0
0
0
0
0
42
36
39
28
39
33
29
42
35
39
38
39
0
0
0
0
0
0
0
0
0
0
0
0
68
46
33
43
41
37
34
39
40
29
54
52
0
0
0
0
0
0
0
0
0
0
0
0
52
51
51
45
26
35
30
42
34
44
55
59
0
0
0
0
0
0
0
0
0
0
0
0
394
367
320
284
209
198
236
226
283
304
402
414
0
0
0
0
0
0
0
0
0
0
0
0
0
0
0
0
0
0
0
0
0
0
0
0
0
0
0
0
0
0
0
0
0
0
0
0
0
0
0
0
0
0
0
0
0
0
0
0
0
0
0
0
0
0
0
0
0
0
0
0
0
0
0
0
0
0
0
0
0
0
0
0
0
0
0
0
0
0
0
0
0
0
0
0
0
0
0
0
0
0
0
0
0
0
0
0
0
0
0
0
0
0
0
0
0
0
0
0
0
0
0
0
0
0
0
0
0
0
0
0
0
0
0
0
0
0
0
0
0
0
0
0
0
0
0
0
0
0
0
0
0
0
0
0
0
0
0
0
0
0
0
0
0
0
0
0
6
5
5
6
7
11
0
3
11
7
4
4
0
0
0
0
0
0
0
0
0
0
0
0
15
9
15
6
11
20
12
5
17
21
10
20
0
0
0
0
0
0
0
0
0
0
0
0
15
21
25
15
13
21
16
13
20
21
22
19
0
0
0
0
0
0
0
0
0
0
0
0
23
18
23
9
15
19
10
16
14
15
30
23
0
0
0
0
0
0
0
0
0
0
0
0
23
25
19
12
15
16
9
9
16
15
21
34
0
0
0
0
0
0
0
0
0
0
0
0
189
173
166
132
91
77
75
80
106
161
187
176
0
0
0
0
0
0
0
0
0
0
0
0
0
0
0
0
0
0
0
0
0
0
0
0
0
0
0
0
0
0
0
0
0
0
0
0
0
0
0
0
0
0
0
0
0
0
0
0
0
0
0
0
0
0
0
0
0
0
0
0
0
0
0
0
0
0
0
0
0
0
0
0
0
0
0
0
0
0
0
0
0
0
0
0
0
0
0
0
0
0
0
0
0
0
0
0
0
0
0
0
0
0
0
0
0
0
0
0
0
0
0
0
0
0
0
0
0
0
0
0
0
0
0
0
0
0
0
0
0
0
0
0
0
0
0
0
0
0
0
0
0
0
0
0
0
0
0
0
0
0
0
0
0
0
0
0
2
0
0
3
2
2
3
4
3
0
3
5
0
0
0
0
0
0
0
0
0
0
0
0
5
12
8
6
9
5
6
5
2
10
4
4
0
0
0
0
0
0
0
0
0
0
0
0
6
13
9
4
9
8
4
6
3
6
8
6
0
0
0
0
0
0
0
0
0
0
0
0
6
4
7
4
4
2
8
3
3
5
9
12
0
0
0
0
0
0
0
0
0
0
0
0
8
3
7
1
6
5
2
5
9
9
11
7
0
0
0
0
0
0
0
0
0
0
0
0
87
83
61
38
32
26
21
20
35
61
74
93
0
0
0
0
0
0
0
0
0
0
0
0
0
0
0
0
0
0
0
0
0
0
0
0
0
0
0
0
0
0
0
0
0
0
0
0
0
0
0
0
0
0
0
0
0
0
0
0
0
0
0
0
0
0
0
0
0
0
0
0
0
0
0
0
0
0
0
0
0
0
0
0
0
0
0
0
0
0
0
0
0
0
0
0
0
0
0
0
0
0
0
0
0
0
0
0
0
0
0
0
0
0
0
0
0
0
0
0
0
0
0
0
0
0
0
0
0
0
0
0
0
0
0
0
0
0
0
0
0
0
0
0
0
0
0
0
0
0
0
0
0
0
0
0
0
0
0
0
0
0
0
0
0
0
0
0
1
0
2
0
1
0
3
0
2
1
3
0
0
0
0
0
0
0
0
0
0
0
0
0
1
3
2
0
1
2
0
1
2
1
2
3
0
0
0
0
0
0
0
0
0
0
0
0
3
2
3
3
0
0
3
1
3
4
0
2
0
0
0
0
0
0
0
0
0
0
0
0
2
0
0
0
1
1
0
1
4
0
0
3
0
0
0
0
0
0
0
0
0
0
0
0
4
0
1
3
2
0
0
0
4
2
1
1
0
0
0
0
0
0
0
0
0
0
0
0
25
18
20
13
16
10
8
7
10
15
33
25
0
0
0
0
0
0
0
0
0
0
0
0
0
0
0
0
0
0
0
0
0
0
0
0
0
0
0
0
0
0
0
0
0
0
0
0
0
0
0
0
0
0
0
0
0
0
0
0
0
0
0
0
0
0
0
0
0
0
0
0
0
0
0
0
0
0
0
0
0
0
0
0
0
0
0
0
0
0
0
0
0
0
0
0
0
0
0
0
0
0
0
0
0
0
0
0
0
0
0
0
0
0
0
0
0
0
0
0
0
0
0
0
0
0
0
0
0
0
0
0
0
0
0
0
0
0
0
0
0
0
0
0
0
0
0
0
0
0
0
0
0
0
0
0
0
0
0
0
0
0
0
0
0
0
0
0
0
2
1
1
0
1
0
0
0
0
0
0
0
0
0
0
0
0
0
0
0
0
0
0
2
3
0
0
0
0
0
0
0
0
2
1
0
0
0
0
0
0
0
0
0
0
0
0
2
0
0
0
1
0
1
0
0
0
1
3
0
0
0
0
0
0
0
0
0
0
0
0
1
0
0
0
1
0
0
0
1
0
0
1
0
0
0
0
0
0
0
0
0
0
0
0
0
0
1
0
0
0
0
1
1
0
0
1
0
0
0
0
0
0
0
0
0
0
0
0
13
9
6
5
1
2
2
1
6
7
4
6
0
0
0
0
0
0
0
0
0
0
0
0
0
0
0
0
0
0
0
0
0
0
0
0
0
0
0
0
0
0
0
0
0
0
0
0
0
0
0
0
0
0
0
0
0
0
0
0
0
0
0
0
0
0
0
0
0
0
0
0
0
0
0
0
0
0
0
0
0
0
0
0
0
0
0
0
0
0
0
0
0
0
0
0
0
0
0
0
0
0
0
0
0
0
0
0
0
0
0
0
0
0
0
0
0
0
0
0
0
0
0
0
0
0
0
0
0
0
0
0
0
0
0
0
0
0
0
0
0
0
0
0
0
0
0
0
0
0
0
0
0
0
0
0
0
0
0
0
0
0
0
0
0
0
0
0
0
0
0
0
0
1
1
0
0
1
0
0
0
0
0
0
0
0
0
0
0
0
0
0
0
0
0
1
0
1
0
0
0
0
0
0
0
0
0
0
0
0
0
0
0
0
0
0
0
0
0
0
1
0
0
0
0
0
0
0
0
0
0
0
0
0
0
0
0
0
0
0
0
0
0
0
0
0
0
0
0
0
0
0
0
0
0
0
0
0
0
0
0
0
0
0
0
1
0
0
0
0
0
0
0
0
0
0
0
0
0
0
0
0
0
0
0
0
0
0
3
1
1
1
0
2
0
1
1
0
1
2
0
0
0
0
0
0
0
0
0
0
0
0
0
0
0
0
0
0
0
0
0
0
0
0
0
0
0
0
0
0
0
0
0
0
0
0
0
0
0
0
0
0
0
0
0
0
0
0
0
0
0
0
0
0
0
0
0
0
0
0
0
0
0
0
0
0
0
0
0
0
0
0
0
0
0
0
0
0
0
0
0
0
0
0
0
0
0
0
0
0
0
0
0
0
0
0
0
0
0
0
0
0
0
0
0
0
0
0
0
0
0
0
0
0
0
0
0
0
0
0
0
0
0
0
0
0
0
0
0
0
0
0
0
0
0
0
0
0
0
0
0
0
0
0
0
0
0
0
0
0
0
0
0
0
0
0
1
0
0
0
0
0
2
0
0
1
0
1
0
0
0
0
0
0
0
0
0
0
0
0
1
1
0
0
0
1
0
0
0
0
0
1
0
0
0
0
0
0
0
0
0
0
0
0
1
1
0
0
0
0
0
0
0
0
0
0
0
0
0
0
0
0
0
0
0
0
0
0
0
0
0
0
0
0
0
0
0
0
0
0
0
0
0
0
0
0
0
0
0
0
0
0
0
0
0
0
0
0
0
0
0
0
0
0
0
0
0
0
0
0
0
0
0
0
0
0
0
7
1
0
0
0
1
1
3
2
6
6
0
0
0
0
0
0
