12 12 24 4 200
0
0
0
0
0
0
0
0
0
0
0
0
0
0
0
0
0
0
0
0
0
0
0
0
0
0
0
0
0
0
0
0
0
0
0
0
0
0
0
0
0
0
0
0
0
0
0
0
0
0
0
0
0
0
0
0
0
0
0
0
0
0
0
0
0
0
0
0
0
0
0
0
0
0
0
0
0
0
0
0
0
0
0
0
0
0
0
0
0
0
0
0
0
0
0
0
0
0
0
0
0
0
0
0
0
0
0
0
0
0
0
0
0
0
0
0
0
0
0
0
0
0
0
0
0
0
0
0
0
0
0
0
0
0
0
0
0
0
0
0
0
0
0
0
0
0
0
0
0
0
3
0
2
3
2
3
2
1
2
2
1
4
0
0
0
0
0
0
0
0
0
0
0
0
9
8
9
10
5
3
6
16
5
4
2
6
0
0
0
0
0
0
0
0
0
0
0
0
10
7
9
5
9
5
7
8
12
13
8
10
0
0
0
0
0
0
0
0
0
0
0
0
15
12
9
18
14
12
16
19
17
13
14
17
0
0
0
0
0
0
0
0
0
0
0
0
12
19
15
19
22
17
20
23
14
20
17
17
0
0
0
0
0
0
0
0
0
0
0
0
88
83
83
75
86
84
73
81
80
81
76
86
0
0
0
0
0
0
0
0
0
0
0
0
0
0
0
0
0
0
0
0
0
0
0
0
0
0
0
0
0
0
0
0
0
0
0
0
0
0
0
0
0
0
0
0
0
0
0
0
0
0
0
0
0
0
0
0
0
0
0
0
0
0
0
0
0
0
0
0
0
0
0
0
0
0
0
0
0
0
0
0
0
0
0
0
0
0
0
0
0
0
0
0
0
0
0
0
0
0
0
0
0
0
0
0
0
0
0
0
0
0
0
0
0
0
0
0
0
0
0
0
0
0
0
0
0
0
0
0
0
0
0
0
0
0
0
0
0
0
0
0
0
0
0
0
0
0
0
0
0
0
0
0
0
0
0
0
11
15
17
19
20
10
12
16
11
14
9
11
0
0
0
0
0
0
0
0
0
0
0
0
39
45
32
44
41
31
33
40
43
44
34
36
0
0
0
0
0
0
0
0
0
0
0
0
64
54
53
62
68
64
72
79
71
63
58
55
0
0
0
0
0
0
0
0
0
0
0
0
79
76
74
94
72
73
79
85
80
83
80
66
0
0
0
0
0
0
0
0
0
0
0
0
95
79
90
95
73
69
80
87
93
94
87
91
0
0
0
0
0
0
0
0
0
0
0
0
492
482
492
440
432
407
406
464
467
527
465
512
0
0
0
0
0
0
0
0
0
0
0
0
0
0
0
0
0
0
0
0
0
0
0
0
0
0
0
0
0
0
0
0
0
0
0
0
0
0
0
0
0
0
0
0
0
0
0
0
0
0
0
0
0
0
0
0
0
0
0
0
0
0
0
0
0
0
0
0
0
0
0
0
0
0
0
0
0
0
0
0
0
0
0
0
0
0
0
0
0
0
0
0
0
0
0
0
0
0
0
0
0
0
0
0
0
0
0
0
0
0
0
0
0
0
0
0
0
0
0
0
0
0
0
0
0
0
0
0
0
0
0
0
0
0
0
0
0
0
0
0
0
0
0
0
0
0
0
0
0
0
0
0
0
0
0
0
30
34
24
24
25
29
25
26
30
26
24
27
0
0
0
0
0
0
0
0
0
0
0
0
81
87
81
79
97
69
75
77
89
87
75
77
0
0
0
0
0
0
0
0
0
0
0
0
116
125
125
97
114
100
98
127
122
120
141
109
0
0
0
0
0
0
0
0
0
0
0
0
170
163
148
96
80
55
42
87
100
145
165
159
0
0
0
0
0
0
0
0
0
0
0
0
193
199
155
94
41
48
37
54
74
169
195
170
0
0
0
0
0
0
0
0
0
0
0
0
1007
983
840
560
414
382
374
400
582
829
971
1002
0
0
0
0
0
0
0
0
0
0
0
0
0
0
0
0
0
0
0
0
0
0
0
0
0
0
0
0
0
0
0
0
0
0
0
0
0
0
0
0
0
0
0
0
0
0
0
0
0
0
0
0
0
0
0
0
0
0
0
0
0
0
0
0
0
0
0
0
0
0
0
0
0
0
0
0
0
0
0
0
0
0
0
0
0
0
0
0
0
0
0
0
0
0
0
0
0
0
0
0
0
0
0
0
0
0
0
0
0
0
0
0
0
0
0
0
0
0
0
0
0
0
0
0
0
0
0
0
0
0
0
0
0
0
0
0
0
0
0
0
0
0
0
0
0
0
0
0
0
0
0
0
0
0
0
0
30
42
36
42
44
36
44
34
35
32
29
29
0
0
0
0
0
0
0
0
0
0
0
0
103
96
108
82
97
71
86
90
93
109
113
98
0
0
0
0
0
0
0
0
0
0
0
0
176
169
147
98
59
48
48
51
92
128
170
164
0
0
0
0
0
0
0
0
0
0
0
0
201
212
116
37
36
25
22
37
43
134
197
190
0
0
0
0
0
0
0
0
0
0
0
0
228
211
86
40
30
19
31
32
35
72
199
222
0
0
0
0
0
0
0
0
0
0
0
0
1230
1182
639
371
285
252
262
311
356
635
1139
1175
0
0
0
0
0
0
0
0
0
0
0
0
0
0
0
0
0
0
0
0
0
0
0
0
0
0
0
0
0
0
0
0
0
0
0
0
0
0
0
0
0
0
0
0
0
0
0
0
0
0
0
0
0
0
0
0
0
0
0
0
0
0
0
0
0
0
0
0
0
0
0
0
0
0
0
0
0
0
0
0
0
0
0
0
0
0
0
0
0
0
0
0
0
0
0
0
0
0
0
0
0
0
0
0
0
0
0
0
0
0
0
0
0
0
0
0
0
0
0
0
0
0
0
0
0
0
0
0
0
0
0
0
0
0
0
0
0
0
0
0
0
0
0
0
0
0
0
0
0
0
0
0
0
0
0
0
36
27
35
39
43
39
34
33
27
31
24
33
0
0
0
0
0
0
0
0
0
0
0
0
91
82
89
76
50
49
45
69
70
83
92
75
0
0
0
0
0
0
0
0
0
0
0
0
136
140
91
49
19
14
21
22
37
105
124
133
0
0
0
0
0
0
0
0
0
0
0
0
169
136
51
21
13
10
13
24
20
40
151
158
0
0
0
0
0
0
0
0
0
0
0
0
203
124
24
19
11
10
15
17
14
28
146
193
0
0
0
0
0
0
0
0
0
0
0
0
1070
846
333
219
169
154
150
151
229
345
836
1026
0
0
0
0
0
0
0
0
0
0
0
0
0
0
0
0
0
0
0
0
0
0
0
0
0
0
0
0
0
0
0
0
0
0
0
0
0
0
0
0
0
0
0
0
0
0
0
0
0
0
0
0
0
0
0
0
0
0
0
0
0
0
0
0
0
0
0
0
0
0
0
0
0
0
0
0
0
0
0
0
0
0
0
0
0
0
0
0
0
0
0
0
0
0
0
0
0
0
0
0
0
0
0
0
0
0
0
0
0
0
0
0
0
0
0
0
0
0
0
0
0
0
0
0
0
0
0
0
0
0
0
0
0
0
0
0
0
0
0
0
0
0
0
0
0
0
0
0
0
0
0
0
0
0
0
0
29
19
17
18
27
22
27
21
21
28
22
21
0
0
0
0
0
0
0
0
0
0
0
0
72
66
45
29
22
18
23
18
41
46
65
63
0
0
0
0
0
0
0
0
0
0
0
0
85
70
36
10
8
12
11
5
14
27
82
83
0
0
0
0
0
0
0
0
0
0
0
0
111
68
13
9
9
6
9
9
12
20
76
127
0
0
0
0
0
0
0
0
0
0
0
0
118
54
10
8
9
4
4
2
6
15
65
129
0
0
0
0
0
0
0
0
0
0
0
0
837
427
147
93
73
67
64
78
102
182
403
662
0
0
0
0
0
0
0
0
0
0
0
0
0
0
0
0
0
0
0
0
0
0
0
0
0
0
0
0
0
0
0
0
0
0
0
0
0
0
0
0
0
0
0
0
0
0
0
0
0
0
0
0
0
0
0
0
0
0
0
0
0
0
0
0
0
0
0
0
0
0
0
0
0
0
0
0
0
0
0
0
0
0
0
0
0
0
0
0
0
0
0
0
0
0
0
0
0
0
0
0
0
0
0
0
0
0
0
0
0
0
0
0
0
0
0
0
0
0
0
0
0
0
0
0
0
0
0
0
0
0
0
0
0
0
0
0
0
0
0
0
0
0
0
0
0
0
0
0
0
0
0
0
0
0
0
0
18
15
13
17
16
10
14
16
19
10
10
15
0
0
0
0
0
0
0
0
0
0
0
0
40
32
25
13
7
7
6
8
12
18
48
38
0
0
0
0
0
0
0
0
0
0
0
0
44
36
9
4
4
5
1
2
5
6
40
57
0
0
0
0
0
0
0
0
0
0
0
0
60
21
8
5
3
2
0
4
4
5
26
65
0
0
0
0
0
0
0
0
0
0
0
0
73
28
5
3
3
1
1
1
5
4
20
62
0
0
0
0
0
0
0
0
0
0
0
0
461
182
57
28
29
21
28
24
48
96
185
443
0
0
0
0
0
0
0
0
0
0
0
0
0
0
0
0
0
0
0
0
0
0
0
0
0
0
0
0
0
0
0
0
0
0
0
0
0
0
0
0
0
0
0
0
0
0
0
0
0
0
0
0
0
0
0
0
0
0
0
0
0
0
0
0
0
0
0
0
0
0
0
0
0
0
0
0
0
0
0
0
0
0
0
0
0
0
0
0
0
0
0
0
0
0
0
0
0
0
0
0
0
0
0
0
0
0
0
0
0
0
0
0
0
0
0
0
0
0
0
0
0
0
0
0
0
0
0
0
0
0
0
0
0
0
0
0
0
0
0
0
0
0
0
0
0
0
0
0
0
0
0
0
0
0
0
0
6
9
8
6
2
3
7
4
3
1
10
3
0
0
0
0
0
0
0
0
0
0
0
0
17
11
9
2
4
2
2
2
4
7
22
21
0
0
0
0
0
0
0
0
0
0
0
0
25
17
2
1
1
1
1
2
1
2
12
29
0
0
0
0
0
0
0
0
0
0
0
0
24
8
1
3
1
1
1
1
0
1
3
23
0
0
0
0
0
0
0
0
0
0
0
0
37
3
3
0
2
0
0
1
2
0
2
23
0
0
0
0
0
0
0
0
0
0
0
0
211
59
19
11
13
9
9
10
17
24
55
175
0
0
0
0
0
0
0
0
0
0
0
0
0
0
0
0
0
0
0
0
0
0
0
0
0
0
0
0
0
0
0
0
0
0
0
0
0
0
0
0
0
0
0
0
0
0
0
0
0
0
0
0
0
0
0
0
0
0
0
0
0
0
0
0
0
0
0
0
0
0
0
0
0
0
0
0
0
0
0
0
0
0
0
0
0
0
0
0
0
0
0
0
0
0
0
0
0
0
0
0
0
0
0
0
0
0
0
0
0
0
0
0
0
0
0
0
0
0
0
0
0
0
0
0
0
0
0
0
0
0
0
0
0
0
0
0
0
0
0
0
0
0
0
0
0
0
0
0
0
0
0
0
0
0
0
0
2
3
3
0
3
1
0
1
3
3
1
1
0
0
0
0
0
0
0
0
0
0
0
0
5
10
3
1
0
0
0
1
1
2
10
6
0
0
0
0
0
0
0
0
0
0
0
0
6
5
1
0
0
0
1
0
1
1
3
8
0
0
0
0
0
0
0
0
0
0
0
0
12
2
1
0
0
0
0
0
0
1
2
10
0
0
0
0
0
0
0
0
0
0
0
0
6
2
0
0
0
0
0
0
0
0
0
9
0
0
0
0
0
0
0
0
0
0
0
0
63
12
6
3
4
2
1
2
3
7
19
68
0
0
0
0
0
0
0
0
0
0
0
0
0
0
0
0
0
0
0
0
0
0
0
0
0
0
0
0
0
0
0
0
0
0
0
0
0
0
0
0
0
0
0
0
0
0
0
0
0
0
0
0
0
0
0
0
0
0
0
0
0
0
0
0
0
0
0
0
0
0
0
0
0
0
0
0
0
0
0
0
0
0
0
0
0
0
0
0
0
0
0
0
0
0
0
0
0
0
0
0
0
0
0
0
0
0
0
0
0
0
0
0
0
0
0
0
0
0
0
0
0
0
0
0
0
0
0
0
0
0
0
0
0
0
0
0
0
0
0
0
0
0
0
0
0
0
0
0
0
0
0
0
0
0
0
0
1
0
3
1
1
0
2
0
0
0
0
0
0
0
0
0
0
0
0
0
0
0
0
0
1
1
2
1
0
0
0
0
1
0
3
1
0
0
0
0
0
0
0
0
0
0
0
0
2
0
0
0
0
0
0
0
0
0
1
4
0
0
0
0
0
0
0
0
0
0
0
0
1
2
1
0
0
0
0
0
0
0
0
1
0
0
0
0
0
0
0
0
0
0
0
0
4
0
0
0
0
0
0
0
0
0
1
3
0
0
0
0
0
0
0
0
0
0
0
0
30
6
2
2
1
0
0
2
1
1
6
19
0
0
0
0
0
0
0
0
0
0
0
0
0
0
0
0
0
0
0
0
0
0
0
0
0
0
0
0
0
0
0
0
0
0
0
0
0
0
0
0
0
0
0
0
0
0
0
0
0
0
0
0
0
0
0
0
0
0
0
0
0
0
0
0
0
0
0
0
0
0
0
0
0
0
0
0
0
0
0
0
0
0
0
0
0
0
0
0
0
0
0
0
0
0
0
0
0
0
0
0
0
0
0
0
0
0
0
0
0
0
0
0
0
0
0
0
0
0
0
0
0
0
0
0
0
0
0
0
0
0
0
0
0
0
0
0
0
0
0
0
0
0
0
0
0
0
0
0
0
0
0
0
0
0
0
0
0
1
0
0
0
0
0
1
0
0
0
0
0
0
0
0
0
0
0
0
0
0
0
0
1
1
1
0
0
0
0
0
0
0
0
2
0
0
0
0
0
0
0
0
0
0
0
0
1
0
0
0
0
0
0
0
0
0
0
0
0
0
0
0
0
0
0
0
0
0
0
0
1
0
0
0
0
0
0
0
0
0
0
1
0
0
0
0
0
0
0
0
0
0
0
0
2
0
0
0
0
0
0
0
0
0
0
1
0
0
0
0
0
0
0
0
0
0
0
0
7
1
1
0
0
0
0
0
0
0
0
6
0
0
0
0
0
0
0
0
0
0
0
0
0
0
0
0
0
0
0
0
0
0
0
0
0
0
0
0
0
0
0
0
0
0
0
0
0
0
0
0
0
0
0
0
0
0
0
0
0
0
0
0
0
0
0
0
0
0
0
0
0
0
0
0
0
0
0
0
0
0
0
0
0
0
0
0
0
0
0
0
0
0
0
0
0
0
0
0
0
0
0
0
0
0
0
0
0
0
0
0
0
0
0
0
0
0
0
0
0
0
0
0
0
0
0
0
0
0
0
0
0
0
0
0
0
0
0
0
0
0
0
0
0
0
0
0
0
0
0
0
0
0
0
0
0
0
0
0
0
0
0
0
0
0
0
0
1
0
0
0
0
0
0
0
0
0
0
0
0
0
0
0
0
0
0
0
0
0
0
0
0
0
0
0
0
0
0
0
0
0
1
1
0
0
0
0
0
0
0
0
0
0
0
0
0
0
0
0
0
0
0
0
0
0
0
1
0
0
0
0
0
0
0
0
0
0
0
0
0
0
0
0
0
0
0
0
0
0
0
1
0
0
0
0
0
0
0
0
0
0
0
0
0
0
0
0
0
0
0
0
0
0
0
0
0
0
0
0
0
0
0
0
0
0
0
0
7
1
0
1
0
0
0
0
0
0
1
3
0
0
0
0
0
0
