0.000000 0
0.100000 0
0.200000 0
0.300000 0
0.400000 0
0.500000 0
0.600000 0
0.700000 0
0.800000 0
0.900000 0
1.000000 39110
1.100000 24920
1.200000 16859
1.300000 11135
1.400000 7952
1.500000 5998
1.600000 4561
1.700000 3531
1.800000 3133
1.900000 2842
2.000000 2698
2.100000 2607
2.200000 2726
2.300000 2975
2.400000 3515
2.500000 4355
2.600000 5628
2.700000 7558
2.800000 9360
2.900000 10899
3.000000 11616
3.100000 10603
3.200000 9051
3.300000 8112
3.400000 7072
3.500000 6203
3.600000 5412
3.700000 5243
3.800000 4837
3.900000 4541
4.000000 4740
4.100000 4733
4.200000 5030
4.300000 5552
4.400000 6021
4.500000 6600
4.600000 7095
4.700000 7547
4.800000 8000
4.900000 7894
5.000000 7682
5.100000 7618
5.200000 7348
5.300000 6979
5.400000 6530
5.500000 6293
5.600000 6088
5.700000 5964
5.800000 5875
5.900000 5732
6.000000 5903
6.100000 6117
6.200000 5964
6.300000 6154
6.400000 6736
6.500000 6730
6.600000 6909
6.700000 6847
6.800000 7017
6.900000 6806
7.000000 6658
7.100000 6909
7.200000 6700
7.300000 6579
7.400000 6391
7.500000 6548
7.600000 6412
7.700000 6124
7.800000 6389
7.900000 6490
8.000000 6468
8.100000 6437
8.200000 6442
8.300000 6522
8.400000 6638
8.500000 6560
8.600000 6548
8.700000 6456
8.800000 6578
8.900000 6648
9.000000 6324
9.100000 6288
9.200000 6413
9.300000 6531
9.400000 6246
9.500000 6218
9.600000 6280
9.700000 6362
9.800000 6503
9.900000 6661
10.000000 6820
10.100000 6810
10.200000 6665
10.300000 6799
10.400000 6824
10.500000 6542
10.600000 6356
10.700000 6376
10.800000 6477
10.900000 6362
11.000000 6488
11.100000 6447
11.200000 6529
11.300000 6513
11.400000 6555
11.500000 6274
11.600000 6201
11.700000 6153
11.800000 6397
11.900000 6654
12.000000 6774
12.100000 6636
12.200000 6569
12.300000 6444
12.400000 6496
12.500000 6468
12.600000 6421
12.700000 6486
12.800000 6706
12.900000 6550
13.000000 6213
13.100000 6376
13.200000 6249
13.300000 6354
13.400000 6461
13.500000 6462
13.600000 6788
13.700000 6546
13.800000 6589
13.900000 6611
14.000000 6411
14.100000 6328
14.200000 6466
14.300000 6454
14.400000 6565
14.500000 6497
14.600000 6528
14.700000 6373
14.800000 6324
14.900000 6473
15.000000 6614
15.100000 6521
15.200000 6533
15.300000 6683
15.400000 6606
15.500000 6398
15.600000 6477
15.700000 6337
15.800000 6307
15.900000 6415
16.000000 6512
16.100000 6565
16.200000 6510
16.300000 6399
16.400000 6476
16.500000 6492
16.600000 6352
16.700000 6311
16.800000 6284
16.900000 6266
17.000000 6325
17.100000 6427
17.200000 6574
17.300000 6449
17.400000 6510
17.500000 6534
17.600000 6604
17.700000 6557
17.800000 6296
17.900000 6388
18.000000 6385
18.100000 6418
18.200000 6419
18.300000 6447
18.400000 6272
18.500000 6244
18.600000 6315
18.700000 6330
18.800000 6259
18.900000 6499
19.000000 6629
19.100000 6449
19.200000 6655
19.300000 6303
19.400000 6237
19.500000 6386
19.600000 6566
19.700000 6660
19.800000 6658
19.900000 6413
20.000000 6500
20.100000 6569
20.200000 6461
20.300000 6388
20.400000 6386
20.500000 6320
20.600000 6510
20.700000 6655
20.800000 6597
20.900000 6551
21.000000 6568
21.100000 6355
21.200000 6331
21.300000 6356
21.400000 6221
21.500000 6360
21.600000 6525
21.700000 6485
21.800000 6272
21.900000 6262
22.000000 6334
22.100000 6612
22.200000 6457
22.300000 6610
22.400000 6537
22.500000 6706
22.600000 6674
22.700000 6486
22.800000 6602
22.900000 6385
23.000000 6473
23.100000 6323
23.200000 6335
23.300000 6399
23.400000 6272
23.500000 6584
23.600000 6599
23.700000 6382
23.800000 6399
23.900000 6345
24.000000 6201
24.100000 6308
24.200000 6432
24.300000 6495
24.400000 6422
24.500000 6469
24.600000 6334
24.700000 6592
24.800000 6563
24.900000 6370
25.000000 6488
25.100000 6619
25.200000 6674
25.300000 6388
25.400000 6309
25.500000 6471
25.600000 6413
25.700000 6378
25.800000 6411
25.900000 6500
26.000000 6496
26.100000 6218
26.200000 6216
26.300000 6347
26.400000 6375
26.500000 6568
26.600000 6525
26.700000 6379
26.800000 6481
26.900000 6476
27.000000 6418
27.100000 6314
27.200000 6308
27.300000 6468
27.400000 6681
27.500000 6732
27.600000 6549
27.700000 6433
27.800000 6238
27.900000 6342
28.000000 6226
28.100000 6409
28.200000 6399
28.300000 6155
28.400000 6172
28.500000 6459
28.600000 6498
28.700000 6619
28.800000 6251
28.900000 6684
29.000000 6606
29.100000 6478
29.200000 6405
29.300000 6337
29.400000 6487
29.500000 6489
29.600000 6541
29.700000 6391
29.800000 6379
29.900000 6282
30.000000 6411
30.100000 6311
30.200000 6254
30.300000 6274
30.400000 6563
30.500000 6643
30.600000 6646
30.700000 6848
30.800000 6633
30.900000 6697
31.000000 6490
31.100000 6320
31.200000 6260
31.300000 6221
31.400000 6322
31.500000 6387
31.600000 6278
31.700000 6181
31.800000 6134
31.900000 6210
32.000000 6274
32.100000 6302
32.200000 6633
32.300000 6543
32.400000 6751
32.500000 6734
32.600000 6752
32.700000 6571
32.800000 6423
32.900000 6340
33.000000 6458
33.100000 6497
33.200000 6340
33.300000 6282
33.400000 6136
33.500000 6414
33.600000 6496
33.700000 6260
33.800000 6197
33.900000 6351
34.000000 6287
34.100000 6534
34.200000 6684
34.300000 6635
34.400000 6800
34.500000 6673
34.600000 6461
34.700000 6310
34.800000 6302
34.900000 6137
35.000000 6189
35.100000 6247
35.200000 6374
35.300000 6361
35.400000 6446
35.500000 6481
35.600000 6490
35.700000 6515
35.800000 6459
35.900000 6491
36.000000 6208
36.100000 6609
36.200000 6392
36.300000 6356
36.400000 6488
36.500000 6463
36.600000 6432
36.700000 6358
36.800000 6356
36.900000 6227
37.000000 6253
37.100000 6377
37.200000 6490
37.300000 6452
37.400000 6483
37.500000 6551
37.600000 6604
37.700000 6591
37.800000 6437
37.900000 6294
38.000000 6420
38.100000 6451
38.200000 6241
38.300000 6199
38.400000 6359
38.500000 6488
38.600000 6284
38.700000 6300
38.800000 6195
38.900000 6205
39.000000 6524
39.100000 6379
39.200000 6390
39.300000 6508
39.400000 6605
39.500000 6567
39.600000 6540
39.700000 6721
39.800000 6771
39.900000 6530
40.000000 6387
40.100000 6329
40.200000 6186
40.300000 6178
40.400000 6221
40.500000 6130
40.600000 6106
40.700000 6280
40.800000 6304
40.900000 6282
41.000000 6555
41.100000 6292
41.200000 6632
41.300000 6393
41.400000 6376
41.500000 6611
41.600000 6925
41.700000 6834
41.800000 6490
41.900000 6372
42.000000 6346
42.100000 6313
42.200000 6302
42.300000 6494
42.400000 6126
42.500000 5994
42.600000 6287
42.700000 6415
42.800000 6258
42.900000 6326
43.000000 6492
43.100000 6524
43.200000 6426
43.300000 6375
43.400000 6521
43.500000 6648
43.600000 6777
43.700000 6600
43.800000 6634
43.900000 6250
44.000000 6374
44.100000 6304
44.200000 6470
44.300000 6356
44.400000 6169
44.500000 6270
44.600000 6272
44.700000 6205
44.800000 6219
44.900000 6128
45.000000 6477
45.100000 6562
45.200000 6576
45.300000 6485
45.400000 6440
45.500000 6632
45.600000 6596
45.700000 6651
45.800000 6375
45.900000 6258
46.000000 6294
46.100000 6353
46.200000 6155
46.300000 6173
46.400000 6387
46.500000 6500
46.600000 6356
46.700000 6339
46.800000 6224
46.900000 6429
47.000000 6538
47.100000 6390
47.200000 6368
47.300000 6462
47.400000 6403
47.500000 6362
47.600000 6319
47.700000 6184
47.800000 6215
47.900000 6313
48.000000 6330
48.100000 6344
48.200000 6296
48.300000 6345
48.400000 6530
48.500000 6490
48.600000 6459
48.700000 6649
48.800000 6711
48.900000 6287
49.000000 6279
49.100000 6345
49.200000 6383
49.300000 6453
49.400000 6437
49.500000 6292
49.600000 6471
49.700000 6395
49.800000 6609
49.900000 6506
50.000000 6344
50.100000 6413
50.200000 6066
50.300000 6055
50.400000 6187
50.500000 6372
50.600000 6495
50.700000 6414
50.800000 6435
50.900000 6400
51.000000 6311
51.100000 6280
51.200000 6187
51.300000 6471
51.400000 6482
51.500000 6453
51.600000 6467
51.700000 6482
51.800000 6525
51.900000 6379
52.000000 6493
52.100000 6451
52.200000 6506
52.300000 6469
52.400000 6380
52.500000 6163
52.600000 6426
52.700000 6458
52.800000 6511
52.900000 6389
53.000000 6205
53.100000 6071
53.200000 6268
53.300000 6397
53.400000 6494
53.500000 6374
53.600000 6478
53.700000 6441
53.800000 6361
53.900000 6461
54.000000 6513
54.100000 6360
54.200000 6361
54.300000 6508
54.400000 6624
54.500000 6540
54.600000 6636
54.700000 6486
54.800000 6353
54.900000 6466
55.000000 6471
55.100000 6219
55.200000 6168
55.300000 6240
55.400000 6447
55.500000 6424
55.600000 6478
55.700000 6385
55.800000 6282
55.900000 6502
56.000000 6610
56.100000 6625
56.200000 6551
56.300000 6379
56.400000 6374
56.500000 6322
56.600000 6430
56.700000 6251
56.800000 6215
56.900000 6605
57.000000 6490
57.100000 6466
57.200000 6571
57.300000 6509
57.400000 6592
57.500000 6347
57.600000 6504
57.700000 6421
57.800000 6407
57.900000 6393
58.000000 6487
58.100000 6445
58.200000 6455
58.300000 6335
58.400000 6455
58.500000 6256
58.600000 6333
58.700000 6164
58.800000 6175
58.900000 6149
59.000000 6388
59.100000 6395
59.200000 6322
59.300000 6500
59.400000 6461
59.500000 6497
59.600000 6644
59.700000 6587
59.800000 6443
59.900000 6262
60.000000 6411
60.100000 6406
60.200000 6353
60.300000 6230
60.400000 6444
60.500000 6537
60.600000 6281
60.700000 6309
60.800000 6557
60.900000 6521
61.000000 6505
61.100000 6475
61.200000 6400
61.300000 6404
61.400000 6425
61.500000 6584
61.600000 6529
61.700000 6559
61.800000 6453
61.900000 6287
62.000000 6117
62.100000 6227
62.200000 6537
62.300000 6337
62.400000 6398
62.500000 6444
62.600000 6535
62.700000 6557
62.800000 6438
62.900000 6673
63.000000 6477
63.100000 6625
63.200000 6608
63.300000 6462
63.400000 6506
63.500000 6337
63.600000 6454
63.700000 6410
63.800000 6335
63.900000 6199
64.000000 6196
64.100000 6007
64.200000 6215
64.300000 6119
64.400000 6265
64.500000 6542
64.600000 6652
64.700000 6832
64.800000 6840
64.900000 6689
65.000000 6660
65.100000 6660
65.200000 6502
65.300000 6412
65.400000 6436
65.500000 6244
65.600000 6251
65.700000 6109
65.800000 6316
65.900000 6201
66.000000 6290
66.100000 6346
66.200000 6176
66.300000 6093
66.400000 6198
66.500000 6626
66.600000 6573
66.700000 6693
66.800000 6818
66.900000 6723
67.000000 6598
67.100000 6547
67.200000 6345
67.300000 6626
67.400000 6554
67.500000 6317
67.600000 6357
67.700000 6280
67.800000 6136
67.900000 6364
68.000000 6432
68.100000 6299
68.200000 6277
68.300000 6327
68.400000 6132
68.500000 6346
68.600000 6720
68.700000 6766
68.800000 6716
68.900000 6864
69.000000 6703
69.100000 6651
69.200000 6360
69.300000 6300
69.400000 6088
69.500000 5999
69.600000 6151
69.700000 6402
69.800000 6322
69.900000 6384
70.000000 6255
70.100000 6298
70.200000 6432
70.300000 6366
70.400000 6422
70.500000 6561
70.600000 6612
70.700000 6562
70.800000 6543
70.900000 6545
71.000000 6511
71.100000 6624
71.200000 6412
71.300000 6452
71.400000 6365
71.500000 6176
71.600000 6066
71.700000 6357
71.800000 6363
71.900000 6314
72.000000 6475
72.100000 6364
72.200000 6573
72.300000 6614
72.400000 6571
72.500000 6451
72.600000 6377
72.700000 6288
72.800000 6317
72.900000 6312
73.000000 6435
73.100000 6375
73.200000 6524
73.300000 6547
73.400000 6412
73.500000 6305
73.600000 6667
73.700000 6599
73.800000 6360
73.900000 6444
74.000000 6598
74.100000 6538
74.200000 6561
74.300000 6534
74.400000 6590
74.500000 6213
74.600000 6388
74.700000 6209
74.800000 6140
74.900000 6200
75.000000 6315
75.100000 6432
75.200000 6515
75.300000 6592
75.400000 6585
75.500000 6514
75.600000 6449
75.700000 6668
75.800000 6558
75.900000 6561
76.000000 6625
76.100000 6621
76.200000 6569
76.300000 6492
76.400000 6100
76.500000 6392
76.600000 6368
76.700000 6195
76.800000 6141
76.900000 6285
77.000000 6498
77.100000 6479
77.200000 6520
77.300000 6511
77.400000 6477
77.500000 6523
77.600000 6462
77.700000 6392
77.800000 6362
77.900000 6438
78.000000 6575
78.100000 6482
78.200000 6387
78.300000 6491
78.400000 6775
78.500000 6581
78.600000 6678
78.700000 6667
78.800000 6611
78.900000 6282
79.000000 6476
79.100000 6583
79.200000 6282
79.300000 6366
79.400000 6397
79.500000 6402
79.600000 6374
79.700000 6391
79.800000 6503
79.900000 6453
80.000000 6566
80.100000 6473
80.200000 6203
80.300000 6513
80.400000 6337
80.500000 6328
80.600000 6548
80.700000 6704
80.800000 6681
80.900000 6616
81.000000 6559
81.100000 6651
81.200000 6590
81.300000 6508
81.400000 6546
81.500000 6561
81.600000 6485
81.700000 6363
81.800000 6324
81.900000 6235
82.000000 6389
82.100000 6354
82.200000 6307
82.300000 6514
82.400000 6589
82.500000 6555
82.600000 6567
82.700000 6481
82.800000 6556
82.900000 6488
83.000000 6532
83.100000 6582
83.200000 6518
83.300000 6386
83.400000 6403
83.500000 6312
83.600000 6178
83.700000 6315
83.800000 6499
83.900000 6535
84.000000 6364
84.100000 6408
84.200000 6631
84.300000 6511
84.400000 6542
84.500000 6951
84.600000 6554
84.700000 6412
84.800000 6460
84.900000 6500
85.000000 6552
85.100000 6379
85.200000 6358
85.300000 6315
85.400000 6404
85.500000 6444
85.600000 6564
85.700000 6506
85.800000 6589
85.900000 6582
86.000000 6501
86.100000 6394
86.200000 6301
86.300000 6462
86.400000 6450
86.500000 6408
86.600000 6360
86.700000 6488
86.800000 6184
86.900000 6332
87.000000 6539
87.100000 6492
87.200000 6452
87.300000 6413
87.400000 6512
87.500000 6744
87.600000 6724
87.700000 6375
87.800000 6575
87.900000 6362
88.000000 6325
88.100000 6336
88.200000 6282
88.300000 6458
88.400000 6421
88.500000 6639
88.600000 6624
88.700000 6449
88.800000 6609
88.900000 6617
89.000000 6620
89.100000 6255
89.200000 6342
89.300000 6351
89.400000 6386
89.500000 6388
89.600000 6409
89.700000 6468
89.800000 6427
89.900000 6496
90.000000 6280
90.100000 6390
90.200000 6456
90.300000 6463
90.400000 6374
90.500000 6571
90.600000 6580
90.700000 6818
90.800000 6786
90.900000 6707
91.000000 6625
91.100000 6212
91.200000 6191
91.300000 6205
91.400000 6365
91.500000 6419
91.600000 6523
91.700000 6426
91.800000 6402
91.900000 6391
92.000000 6286
92.100000 6409
92.200000 6531
92.300000 6516
92.400000 6569
92.500000 6523
92.600000 6547
92.700000 6569
92.800000 6499
92.900000 6375
93.000000 6360
93.100000 6250
93.200000 6280
93.300000 6340
93.400000 6579
93.500000 6754
93.600000 6500
93.700000 6356
93.800000 6424
93.900000 6434
94.000000 6630
94.100000 6632
94.200000 6578
94.300000 6685
94.400000 6636
94.500000 6757
94.600000 6597
94.700000 6592
94.800000 6243
94.900000 6140
95.000000 6079
95.100000 6408
95.200000 6171
95.300000 6388
95.400000 6383
95.500000 6394
95.600000 6340
95.700000 6464
95.800000 6344
95.900000 6644
96.000000 6729
96.100000 6759
96.200000 6501
96.300000 6275
96.400000 6495
96.500000 6477
96.600000 6454
96.700000 6367
96.800000 6366
96.900000 6195
97.000000 6144
97.100000 6267
97.200000 6339
97.300000 6320
97.400000 6622
97.500000 6618
97.600000 6576
97.700000 6592
97.800000 6534
97.900000 6659
98.000000 6615
98.100000 6625
98.200000 6545
98.300000 6465
98.400000 6585
98.500000 6532
98.600000 6261
98.700000 6164
98.800000 6148
98.900000 6059
99.000000 6203
99.100000 6530
99.200000 6443
99.300000 6580
99.400000 6680
99.500000 6590
99.600000 6819
99.700000 6693
99.800000 6690
99.900000 6795
100.000000 6575
100.100000 6475
100.200000 6553
100.300000 6378
100.400000 6380
100.500000 6208
100.600000 6379
100.700000 6182
100.800000 6200
100.900000 5998
101.000000 6105
101.100000 6279
101.200000 6192
101.300000 6295
101.400000 6851
101.500000 6827
101.600000 7193
101.700000 7295
101.800000 7333
101.900000 7149
102.000000 7173
102.100000 6777
102.200000 6439
102.300000 6246
102.400000 6011
102.500000 5820
102.600000 5666
102.700000 5731
102.800000 5661
102.900000 5845
103.000000 6063
103.100000 6109
103.200000 6611
103.300000 7023
103.400000 7320
103.500000 7827
103.600000 8259
103.700000 8145
103.800000 8191
103.900000 7576
104.000000 6959
104.100000 6328
104.200000 5593
104.300000 5075
104.400000 4684
104.500000 4562
104.600000 4463
104.700000 4679
104.800000 4901
104.900000 5388
105.000000 5605
105.100000 6466
105.200000 7395
105.300000 8528
105.400000 10133
105.500000 11350
105.600000 11409
105.700000 10691
105.800000 9127
105.900000 7054
106.000000 5278
106.100000 4273
106.200000 3528
106.300000 2937
106.400000 2579
106.500000 2390
106.600000 2444
106.700000 2683
106.800000 3171
106.900000 3805
107.000000 4623
107.100000 6398
107.200000 8899
107.300000 12750
107.400000 18918
107.500000 28619
107.600000 29275
107.700000 0
107.800000 0
107.900000 0
108.000000 0
108.100000 0
108.200000 0
108.300000 0
108.400000 0
108.500000 0
108.600000 0
108.700000 0
108.800000 0
108.900000 0
109.000000 0
109.100000 0
109.200000 0
109.300000 0
109.400000 0
109.500000 0
109.600000 0
109.700000 0
109.800000 0
109.900000 0
