0
0
0
0
0
0
0
0
0
0
42652
26469
16804
11130
7589
5389
4067
3365
2909
2536
2446
2532
2443
2877
3712
4876
6175
8348
10517
11892
11723
10741
9447
8050
6991
6106
5336
4947
4572
4503
4604
4692
4972
5580
6223
6795
7499
8249
8738
8706
8032
7599
7148
6781
6578
6091
5912
5814
5720
5841
5949
6150
6489
6674
6903
7114
7269
7315
7549
7225
6845
6679
6609
6672
6341
6224
6369
6237
6276
6146
6533
6650
6643
6770
6827
6862
7118
7059
7102
6964
6661
6534
6451
6385
6411
6387
6353
6299
6399
6520
6529
6983
6743
6864
6993
6987
6712
6566
6695
6662
6490
6419
6364
6351
6694
6790
6780
6759
6814
6692
6652
6580
6656
6806
6553
6646
6688
6659
6535
6332
6569
6820
6707
6679
6909
6653
6460
6532
6663
6575
6577
6587
6406
6741
6757
6628
6715
6977
6725
6904
6630
6787
6892
6790
6494
6692
6415
6623
6609
6631
6593
6801
6758
6465
6463
6472
6771
6853
6572
6676
6610
6751
6684
6798
6621
6765
6444
6465
6552
6788
6659
6745
6763
6585
6603
6549
6610
6704
6372
6645
6595
6724
6664
6637
6517
6644
6618
6676
6677
6625
6572
6468
6723
6778
6798
6719
6763
6490
6487
6367
6566
6676
6704
6854
6847
6543
6485
6573
6740
6580
6425
6530
6609
6366
6677
6725
6674
6407
6512
6728
6621
6630
6817
6678
6675
6733
6571
6499
6603
6534
6414
6546
6425
6552
6474
6493
6505
6476
6498
6598
6573
6677
6915
6938
6473
6467
6488
6444
6419
6682
6787
6579
6321
6462
6510
6618
6564
6217
6282
6426
6645
6839
6612
6654
6677
6635
6300
6388
6141
6313
6533
6491
6369
6561
6583
6719
6521
6574
6414
6310
6561
6961
6751
6784
6669
6414
6488
6541
6332
6592
6327
6536
6492
6493
6458
6602
6800
6681
6523
6523
6432
6658
6651
6864
6693
6488
6395
6416
6456
6616
6444
6496
6523
6328
6481
6554
6491
6720
6566
6703
6611
6637
6705
6607
6345
6463
6337
6688
6461
6498
6611
6753
6700
6599
6581
6549
6349
6408
6504
6531
6536
6688
6654
6789
6543
6536
6608
6526
6558
6473
6426
6482
6511
6529
6630
6504
6623
6743
6530
6664
6545
6817
6770
6495
6382
6508
6580
6748
6397
6321
6500
6263
6331
6516
6331
6536
6472
6561
6747
6981
6989
6946
6592
6426
6515
6440
6414
6489
6368
6479
6462
6491
6661
6625
6462
6440
6724
6937
6719
6715
6560
6501
6643
6551
6475
6575
6443
6438
6726
6512
6530
6595
6825
6621
6540
6596
6932
6871
6511
6706
6570
6420
6449
6256
6412
6325
6409
6207
6237
6514
6909
6673
6593
6880
6647
6704
6751
6603
6565
6592
6524
6374
6092
6447
6359
6454
6682
6624
6758
6916
6836
6529
6653
6572
6721
6619
6563
6562
6406
6326
6322
6429
6502
6458
6493
6458
6759
6537
6497
6657
6654
6423
6648
6826
6670
6590
6284
6364
6229
6493
6347
6514
6592
6600
6464
6562
6592
6810
6828
6718
6933
6680
6401
6352
6343
6510
6756
6423
6576
6532
6330
6310
6408
6758
6698
6403
6375
6394
6781
6753
6818
6745
6573
6561
6435
6512
6707
6533
6615
6745
6604
6487
6329
6344
6641
6474
6385
6520
6539
6643
6592
6548
6464
6759
6540
6634
6245
6485
6414
6668
6711
6571
6366
6301
6619
6545
6723
6400
6514
6466
6460
6435
6425
6463
6379
6585
6564
6607
6512
6624
6675
6483
6443
6438
6557
6888
6769
6558
6554
6687
6387
6203
6323
6378
6450
6439
6397
6565
6533
6685
6608
6741
6758
6602
6522
6586
6621
6290
6387
6298
6248
6391
6510
6634
6706
6699
6610
6801
6603
6593
6665
6709
6377
6477
6553
6721
6521
6592
6307
6373
6177
6223
6553
6394
6446
6411
6387
6423
6585
6603
6459
6608
6785
6690
6752
6586
6641
6383
6382
6182
6374
6480
6567
6349
6624
6490
6366
6190
6486
6583
6753
6725
6565
6573
6570
6603
6443
6578
6347
6386
6314
6265
6541
6567
6342
6445
6547
6689
6618
6785
6824
6709
6466
6387
6589
6518
6240
6296
6442
6395
6472
6529
6611
6440
6443
6565
6568
6414
6338
6408
6748
6888
6715
6539
6295
6208
6340
6406
6390
6345
6405
6447
6598
6709
6544
6336
6695
6565
6613
6574
6634
6483
6557
6638
6450
6496
6648
6705
6613
6381
6463
6364
6350
6443
6354
6585
6489
6508
6646
6562
6525
6474
6469
6420
6527
6536
6413
6646
6522
6545
6458
6386
6474
6319
6389
6457
6693
6835
6693
6454
6425
6699
6469
6471
6397
6317
6286
6471
6580
6689
6628
6460
6320
6546
6604
6416
6501
6422
6480
6604
6624
6512
6357
6454
6422
6558
6718
6704
6462
6452
6489
6544
6541
6417
6460
6520
6579
6481
6687
6546
6491
6565
6722
6424
6273
6476
6449
6522
6543
6661
6761
6606
6540
6421
6538
6485
6421
6570
6664
6482
6607
6563
6492
6598
6543
6529
6519
6492
6730
6628
6528
6653
6593
6625
6744
6461
6326
6449
6476
6683
6560
6680
6414
6516
6452
6494
6376
6451
6491
6515
6692
6776
6690
6666
6548
6736
6924
6516
6418
6501
6520
6701
6385
6362
6275
6252
6324
6446
6659
6918
6830
6708
6628
6631
6639
6606
6595
6670
6537
6649
6497
6590
6567
6587
6520
6401
6584
6599
6623
6616
6586
6523
6428
6479
6528
6532
6788
6624
6527
6376
6229
6408
6511
6395
6544
6811
6716
6754
6678
6659
6582
6785
6685
6563
6275
6718
6592
6873
6482
6246
6450
6419
6504
6601
6534
6738
6598
6349
6550
6667
6664
6588
6800
6834
6955
6733
6562
6764
6313
6397
6407
6599
6369
6513
6585
6600
6621
6672
6743
6734
6756
6788
6626
6793
6621
6714
6582
6328
6339
6275
6408
6566
6517
6420
6491
6652
6517
6506
6487
6738
6681
6684
6794
6622
6691
6646
6663
6537
6600
6284
6320
6161
6349
6520
6867
6521
6655
6701
6603
6764
6939
7018
6820
6817
6568
6744
6296
6239
6239
6295
6270
6034
6212
6323
6838
6863
7104
7206
7271
7340
7413
7013
6616
6418
6120
6031
5848
5921
5660
5816
5935
6257
6313
6708
7066
7528
8318
8491
8501
8046
7460
6477
5968
5316
4818
4705
4447
4407
4641
5093
5412
6262
7290
8791
9877
11009
11988
11457
9542
7459
5569
4366
3418
2891
2474
2330
2343
2674
2721
3329
4390
6130
8749
12823
19423
29685
29774
0
0
0
0
0
0
0
0
0
0
0
0
0
0
0
0
0
0
0
0
0
0
0
