0.000000 0
0.100000 0
0.200000 0
0.300000 0
0.400000 0
0.500000 0
0.600000 0
0.700000 0
0.800000 0
0.900000 0
1.000000 39740
1.100000 25530
1.200000 16656
1.300000 11447
1.400000 7934
1.500000 5931
1.600000 4533
1.700000 3773
1.800000 3001
1.900000 2575
2.000000 2452
2.100000 2491
2.200000 2673
2.300000 3062
2.400000 3518
2.500000 4268
2.600000 5501
2.700000 7471
2.800000 9532
2.900000 11235
3.000000 11628
3.100000 10855
3.200000 9693
3.300000 8331
3.400000 7282
3.500000 6304
3.600000 5564
3.700000 5040
3.800000 4701
3.900000 4545
4.000000 4510
4.100000 4653
4.200000 5029
4.300000 5351
4.400000 5934
4.500000 6338
4.600000 6986
4.700000 7967
4.800000 8112
4.900000 7868
5.000000 7910
5.100000 7727
5.200000 7487
5.300000 7016
5.400000 6520
5.500000 6095
5.600000 6031
5.700000 6016
5.800000 5820
5.900000 5696
6.000000 5887
6.100000 5895
6.200000 6099
6.300000 6469
6.400000 6560
6.500000 6829
6.600000 7328
6.700000 7172
6.800000 6884
6.900000 6798
7.000000 6916
7.100000 6983
7.200000 6543
7.300000 6360
7.400000 6310
7.500000 6034
7.600000 6100
7.700000 6301
7.800000 6314
7.900000 6368
8.000000 6442
8.100000 6346
8.200000 6584
8.300000 6587
8.400000 6617
8.500000 6816
8.600000 6867
8.700000 6939
8.800000 6758
8.900000 6750
9.000000 6738
9.100000 6577
9.200000 6236
9.300000 6319
9.400000 6248
9.500000 6168
9.600000 6281
9.700000 6440
9.800000 6417
9.900000 6382
10.000000 6454
10.100000 6492
10.200000 6475
10.300000 6528
10.400000 6528
10.500000 6697
10.600000 6583
10.700000 6542
10.800000 6658
10.900000 6550
11.000000 6372
11.100000 6507
11.200000 6514
11.300000 6318
11.400000 6505
11.500000 6328
11.600000 6610
11.700000 6476
11.800000 6399
11.900000 6305
12.000000 6339
12.100000 6232
12.200000 6349
12.300000 6353
12.400000 6518
12.500000 6534
12.600000 6602
12.700000 6796
12.800000 6520
12.900000 6623
13.000000 6528
13.100000 6368
13.200000 6375
13.300000 6713
13.400000 6445
13.500000 6535
13.600000 6556
13.700000 6439
13.800000 6254
13.900000 6468
14.000000 6357
14.100000 6394
14.200000 6154
14.300000 6360
14.400000 6635
14.500000 6664
14.600000 6604
14.700000 6447
14.800000 6634
14.900000 6503
15.000000 6665
15.100000 6432
15.200000 6398
15.300000 6407
15.400000 6315
15.500000 6481
15.600000 6500
15.700000 6404
15.800000 6677
15.900000 6390
16.000000 6483
16.100000 6481
16.200000 6654
16.300000 6586
16.400000 6502
16.500000 6554
16.600000 6442
16.700000 6389
16.800000 6177
16.900000 6356
17.000000 6412
17.100000 6364
17.200000 6499
17.300000 6659
17.400000 6417
17.500000 6547
17.600000 6454
17.700000 6491
17.800000 6391
17.900000 6462
18.000000 6481
18.100000 6644
18.200000 6647
18.300000 6723
18.400000 6698
18.500000 6751
18.600000 6509
18.700000 6306
18.800000 6365
18.900000 6334
19.000000 6272
19.100000 6330
19.200000 6210
19.300000 6350
19.400000 6458
19.500000 6468
19.600000 6662
19.700000 6519
19.800000 6642
19.900000 6540
20.000000 6416
20.100000 6477
20.200000 6259
20.300000 6564
20.400000 6595
20.500000 6610
20.600000 6553
20.700000 6405
20.800000 6382
20.900000 6420
21.000000 6532
21.100000 6581
21.200000 6482
21.300000 6564
21.400000 6674
21.500000 6520
21.600000 6345
21.700000 6534
21.800000 6337
21.900000 6296
22.000000 6163
22.100000 6361
22.200000 6520
22.300000 6546
22.400000 6508
22.500000 6442
22.600000 6336
22.700000 6506
22.800000 6445
22.900000 6522
23.000000 6307
23.100000 6582
23.200000 6677
23.300000 6579
23.400000 6532
23.500000 6648
23.600000 6662
23.700000 6672
23.800000 6646
23.900000 6330
24.000000 6084
24.100000 6074
24.200000 6234
24.300000 6383
24.400000 6470
24.500000 6361
24.600000 6682
24.700000 6635
24.800000 6639
24.900000 6712
25.000000 6684
25.100000 6649
25.200000 6519
25.300000 6213
25.400000 6281
25.500000 6289
25.600000 6411
25.700000 6212
25.800000 6190
25.900000 6258
26.000000 6324
26.100000 6264
26.200000 6331
26.300000 6289
26.400000 6595
26.500000 6513
26.600000 6670
26.700000 6749
26.800000 6786
26.900000 6760
27.000000 6445
27.100000 6316
27.200000 6283
27.300000 6123
27.400000 6391
27.500000 6309
27.600000 6412
27.700000 6133
27.800000 6078
27.900000 6334
28.000000 6460
28.100000 6494
28.200000 6340
28.300000 6429
28.400000 6487
28.500000 6518
28.600000 6540
28.700000 6539
28.800000 6397
28.900000 6328
29.000000 6588
29.100000 6393
29.200000 6525
29.300000 6606
29.400000 6386
29.500000 6278
29.600000 6193
29.700000 6399
29.800000 6297
29.900000 6361
30.000000 6249
30.100000 6393
30.200000 6377
30.300000 6454
30.400000 6657
30.500000 6631
30.600000 6211
30.700000 6342
30.800000 6350
30.900000 6488
31.000000 6453
31.100000 6471
31.200000 6356
31.300000 6426
31.400000 6446
31.500000 6254
31.600000 6191
31.700000 6121
31.800000 6281
31.900000 6443
32.000000 6476
32.100000 6407
32.200000 6572
32.300000 6612
32.400000 6390
32.500000 6209
32.600000 6017
32.700000 6053
32.800000 6382
32.900000 6649
33.000000 6663
33.100000 6746
33.200000 6569
33.300000 6651
33.400000 6655
33.500000 6206
33.600000 6444
33.700000 6198
33.800000 6267
33.900000 6352
34.000000 6531
34.100000 6598
34.200000 6530
34.300000 6428
34.400000 6553
34.500000 6463
34.600000 6447
34.700000 6218
34.800000 6304
34.900000 6551
35.000000 6522
35.100000 6599
35.200000 6440
35.300000 6589
35.400000 6574
35.500000 6366
35.600000 6304
35.700000 6205
35.800000 6408
35.900000 6464
36.000000 6510
36.100000 6263
36.200000 6293
36.300000 6548
36.400000 6368
36.500000 6209
36.600000 6309
36.700000 6370
36.800000 6271
36.900000 6382
37.000000 6353
37.100000 6295
37.200000 6478
37.300000 6616
37.400000 6682
37.500000 6625
37.600000 6368
37.700000 6412
37.800000 6400
37.900000 6657
38.000000 6578
38.100000 6361
38.200000 6412
38.300000 6508
38.400000 6317
38.500000 6231
38.600000 6271
38.700000 6422
38.800000 6386
38.900000 6312
39.000000 6461
39.100000 6530
39.200000 6385
39.300000 6232
39.400000 6269
39.500000 6349
39.600000 6518
39.700000 6454
39.800000 6446
39.900000 6556
40.000000 6659
40.100000 6498
40.200000 6667
40.300000 6616
40.400000 6457
40.500000 6524
40.600000 6286
40.700000 6378
40.800000 6293
40.900000 6311
41.000000 6218
41.100000 6405
41.200000 6313
41.300000 6402
41.400000 6295
41.500000 6258
41.600000 6451
41.700000 6637
41.800000 6549
41.900000 6657
42.000000 6525
42.100000 6416
42.200000 6432
42.300000 6582
42.400000 6428
42.500000 6447
42.600000 6483
42.700000 6338
42.800000 6389
42.900000 6089
43.000000 6323
43.100000 6242
43.200000 6356
43.300000 6308
43.400000 6237
43.500000 6298
43.600000 6424
43.700000 6371
43.800000 6313
43.900000 6338
44.000000 6316
44.100000 6454
44.200000 6506
44.300000 6886
44.400000 6752
44.500000 6642
44.600000 6513
44.700000 6198
44.800000 6234
44.900000 6232
45.000000 6181
45.100000 6308
45.200000 6495
45.300000 6487
45.400000 6428
45.500000 6457
45.600000 6466
45.700000 6456
45.800000 6266
45.900000 6263
46.000000 6444
46.100000 6529
46.200000 6425
46.300000 6711
46.400000 6737
46.500000 6474
46.600000 6295
46.700000 6416
46.800000 6357
46.900000 6385
47.000000 6194
47.100000 6315
47.200000 6455
47.300000 6448
47.400000 6464
47.500000 6325
47.600000 6293
47.700000 6368
47.800000 6289
47.900000 6434
48.000000 6539
48.100000 6542
48.200000 6436
48.300000 6558
48.400000 6489
48.500000 6452
48.600000 6180
48.700000 6267
48.800000 6475
48.900000 6435
49.000000 6424
49.100000 6467
49.200000 6401
49.300000 6444
49.400000 6118
49.500000 6109
49.600000 6058
49.700000 6378
49.800000 6530
49.900000 6520
50.000000 6597
50.100000 6530
50.200000 6522
50.300000 6519
50.400000 6331
50.500000 6278
50.600000 6419
50.700000 6101
50.800000 6296
50.900000 6160
51.000000 6369
51.100000 6538
51.200000 6514
51.300000 6518
51.400000 6514
51.500000 6308
51.600000 6602
51.700000 6613
51.800000 6345
51.900000 6359
52.000000 6253
52.100000 6237
52.200000 6092
52.300000 6368
52.400000 6462
52.500000 6308
52.600000 6470
52.700000 6374
52.800000 6575
52.900000 6339
53.000000 6279
53.100000 6448
53.200000 6316
53.300000 6100
53.400000 6466
53.500000 6520
53.600000 6625
53.700000 6346
53.800000 6480
53.900000 6651
54.000000 6493
54.100000 6429
54.200000 6439
54.300000 6424
54.400000 6325
54.500000 6362
54.600000 6542
54.700000 6737
54.800000 6675
54.900000 6451
55.000000 6360
55.100000 6282
55.200000 6404
55.300000 6186
55.400000 6359
55.500000 6328
55.600000 6293
55.700000 6381
55.800000 6433
55.900000 6439
56.000000 6129
56.100000 6386
56.200000 6415
56.300000 6449
56.400000 6488
56.500000 6280
56.600000 6584
56.700000 6495
56.800000 6453
56.900000 6339
57.000000 6372
57.100000 6283
57.200000 6457
57.300000 6511
57.400000 6523
57.500000 6279
57.600000 6278
57.700000 6392
57.800000 6360
57.900000 6332
58.000000 6300
58.100000 6445
58.200000 6406
58.300000 6596
58.400000 6531
58.500000 6566
58.600000 6411
58.700000 6347
58.800000 6252
58.900000 6462
59.000000 6465
59.100000 6339
59.200000 6278
59.300000 6359
59.400000 6436
59.500000 6490
59.600000 6447
59.700000 6502
59.800000 6472
59.900000 6386
60.000000 6409
60.100000 6193
60.200000 6661
60.300000 6579
60.400000 6565
60.500000 6558
60.600000 6455
60.700000 6316
60.800000 6412
60.900000 6506
61.000000 6454
61.100000 6246
61.200000 6133
61.300000 6256
61.400000 6197
61.500000 6301
61.600000 6679
61.700000 6379
61.800000 6506
61.900000 6449
62.000000 6327
62.100000 6428
62.200000 6570
62.300000 6438
62.400000 6349
62.500000 6372
62.600000 6542
62.700000 6222
62.800000 6142
62.900000 6399
63.000000 6359
63.100000 6459
63.200000 6386
63.300000 6585
63.400000 6401
63.500000 6340
63.600000 6567
63.700000 6540
63.800000 6676
63.900000 6696
64.000000 6325
64.100000 6429
64.200000 6454
64.300000 6371
64.400000 6384
64.500000 6371
64.600000 6373
64.700000 6431
64.800000 6394
64.900000 6511
65.000000 6352
65.100000 6272
65.200000 6202
65.300000 6301
65.400000 6580
65.500000 6570
65.600000 6570
65.700000 6767
65.800000 6655
65.900000 6674
66.000000 6666
66.100000 6446
66.200000 6495
66.300000 6634
66.400000 6429
66.500000 6420
66.600000 6094
66.700000 6172
66.800000 6082
66.900000 6188
67.000000 6238
67.100000 6443
67.200000 6599
67.300000 6323
67.400000 6523
67.500000 6643
67.600000 6540
67.700000 6791
67.800000 6552
67.900000 6508
68.000000 6329
68.100000 6203
68.200000 6290
68.300000 6150
68.400000 6296
68.500000 6412
68.600000 6387
68.700000 6278
68.800000 6179
68.900000 6324
69.000000 6316
69.100000 6450
69.200000 6530
69.300000 6599
69.400000 6742
69.500000 6662
69.600000 6582
69.700000 6742
69.800000 6492
69.900000 6458
70.000000 6354
70.100000 6289
70.200000 6162
70.300000 6159
70.400000 6255
70.500000 6240
70.600000 6392
70.700000 6465
70.800000 6373
70.900000 6414
71.000000 6418
71.100000 6632
71.200000 6291
71.300000 6475
71.400000 6374
71.500000 6248
71.600000 6401
71.700000 6550
71.800000 6721
71.900000 6593
72.000000 6567
72.100000 6250
72.200000 6140
72.300000 6297
72.400000 6497
72.500000 6522
72.600000 6497
72.700000 6388
72.800000 6680
72.900000 6590
73.000000 6451
73.100000 6394
73.200000 6311
73.300000 6271
73.400000 6370
73.500000 6511
73.600000 6553
73.700000 6549
73.800000 6431
73.900000 6306
74.000000 6359
74.100000 6293
74.200000 6464
74.300000 6544
74.400000 6235
74.500000 6340
74.600000 6437
74.700000 6405
74.800000 6237
74.900000 6324
75.000000 6148
75.100000 6232
75.200000 6277
75.300000 6287
75.400000 6612
75.500000 6460
75.600000 6386
75.700000 6492
75.800000 6640
75.900000 6732
76.000000 6576
76.100000 6300
76.200000 6342
76.300000 6299
76.400000 6417
76.500000 6113
76.600000 6198
76.700000 6317
76.800000 6310
76.900000 6431
77.000000 6520
77.100000 6543
77.200000 6381
77.300000 6318
77.400000 6217
77.500000 6383
77.600000 6520
77.700000 6367
77.800000 6568
77.900000 6382
78.000000 6602
78.100000 6623
78.200000 6518
78.300000 6151
78.400000 6030
78.500000 6076
78.600000 6265
78.700000 6299
78.800000 6168
78.900000 6530
79.000000 6551
79.100000 6613
79.200000 6631
79.300000 6446
79.400000 6492
79.500000 6430
79.600000 6499
79.700000 6502
79.800000 6385
79.900000 6237
80.000000 6334
80.100000 6273
80.200000 6431
80.300000 6334
80.400000 6322
80.500000 6194
80.600000 6293
80.700000 6159
80.800000 6410
80.900000 6674
81.000000 6666
81.100000 6548
81.200000 6682
81.300000 6559
81.400000 6522
81.500000 6485
81.600000 6498
81.700000 6586
81.800000 6379
81.900000 6579
82.000000 6483
82.100000 6357
82.200000 6185
82.300000 5998
82.400000 6296
82.500000 6176
82.600000 6201
82.700000 6401
82.800000 6667
82.900000 6531
83.000000 6701
83.100000 6651
83.200000 6519
83.300000 6553
83.400000 6605
83.500000 6612
83.600000 6489
83.700000 6549
83.800000 6514
83.900000 6247
84.000000 6360
84.100000 6355
84.200000 6267
84.300000 6049
84.400000 6328
84.500000 6242
84.600000 6366
84.700000 6471
84.800000 6840
84.900000 6439
85.000000 6512
85.100000 6562
85.200000 6214
85.300000 6456
85.400000 6487
85.500000 6566
85.600000 6342
85.700000 6565
85.800000 6600
85.900000 6154
86.000000 6185
86.100000 6390
86.200000 6356
86.300000 6496
86.400000 6358
86.500000 6400
86.600000 6448
86.700000 6390
86.800000 6535
86.900000 6493
87.000000 6392
87.100000 6316
87.200000 6281
87.300000 6602
87.400000 6595
87.500000 6653
87.600000 6678
87.700000 6567
87.800000 6428
87.900000 6318
88.000000 6447
88.100000 6313
88.200000 6485
88.300000 6326
88.400000 6449
88.500000 6375
88.600000 6357
88.700000 6417
88.800000 6545
88.900000 6465
89.000000 6452
89.100000 6527
89.200000 6663
89.300000 6653
89.400000 6422
89.500000 6474
89.600000 6468
89.700000 6290
89.800000 6406
89.900000 6233
90.000000 6406
90.100000 6251
90.200000 6520
90.300000 6466
90.400000 6505
90.500000 6604
90.600000 6322
90.700000 6542
90.800000 6425
90.900000 6305
91.000000 6406
91.100000 6558
91.200000 6704
91.300000 6650
91.400000 6634
91.500000 6612
91.600000 6589
91.700000 6404
91.800000 6508
91.900000 6332
92.000000 6265
92.100000 6142
92.200000 6181
92.300000 6517
92.400000 6693
92.500000 6371
92.600000 6581
92.700000 6502
92.800000 6408
92.900000 6353
93.000000 6558
93.100000 6448
93.200000 6647
93.300000 6550
93.400000 6501
93.500000 6644
93.600000 6515
93.700000 6297
93.800000 6458
93.900000 6414
94.000000 6485
94.100000 6552
94.200000 6525
94.300000 6349
94.400000 6354
94.500000 6622
94.600000 6647
94.700000 6665
94.800000 6597
94.900000 6545
95.000000 6586
95.100000 6411
95.200000 6428
95.300000 6462
95.400000 6350
95.500000 6402
95.600000 6358
95.700000 6529
95.800000 6688
95.900000 6613
96.000000 6464
96.100000 6375
96.200000 6577
96.300000 6348
96.400000 6288
96.500000 6429
96.600000 6289
96.700000 6507
96.800000 6566
96.900000 6387
97.000000 6400
97.100000 6275
97.200000 6433
97.300000 6441
97.400000 6643
97.500000 6539
97.600000 6643
97.700000 6529
97.800000 6567
97.900000 6706
98.000000 6691
98.100000 6573
98.200000 6368
98.300000 6359
98.400000 6490
98.500000 6536
98.600000 6474
98.700000 6323
98.800000 6172
98.900000 6083
99.000000 6346
99.100000 6137
99.200000 6274
99.300000 6577
99.400000 6374
99.500000 6737
99.600000 6990
99.700000 6805
99.800000 6901
99.900000 6999
100.000000 6961
100.100000 6648
100.200000 6480
100.300000 6434
100.400000 6207
100.500000 6194
100.600000 6089
100.700000 6204
100.800000 6109
100.900000 6226
101.000000 6438
101.100000 6439
101.200000 6681
101.300000 6561
101.400000 6766
101.500000 6940
101.600000 6893
101.700000 6968
101.800000 7221
101.900000 7017
102.000000 6669
102.100000 6455
102.200000 6162
102.300000 5961
102.400000 5839
102.500000 5936
102.600000 5595
102.700000 5781
102.800000 5952
102.900000 6171
103.000000 6373
103.100000 6495
103.200000 6691
103.300000 6889
103.400000 7417
103.500000 7753
103.600000 7825
103.700000 8037
103.800000 7930
103.900000 7429
104.000000 6962
104.100000 6358
104.200000 5792
104.300000 5110
104.400000 5058
104.500000 4886
104.600000 4516
104.700000 4780
104.800000 4973
104.900000 4984
105.000000 5611
105.100000 6557
105.200000 7284
105.300000 8523
105.400000 9866
105.500000 11226
105.600000 11685
105.700000 10882
105.800000 9178
105.900000 6866
106.000000 5114
106.100000 3972
106.200000 3160
106.300000 2715
106.400000 2661
106.500000 2426
106.600000 2553
106.700000 2741
106.800000 3222
106.900000 3914
107.000000 4962
107.100000 6477
107.200000 8828
107.300000 12776
107.400000 19152
107.500000 28958
107.600000 28769
107.700000 0
107.800000 0
107.900000 0
108.000000 0
108.100000 0
108.200000 0
108.300000 0
108.400000 0
108.500000 0
108.600000 0
108.700000 0
108.800000 0
108.900000 0
109.000000 0
109.100000 0
109.200000 0
109.300000 0
109.400000 0
109.500000 0
109.600000 0
109.700000 0
109.800000 0
109.900000 0
