0
0
0
0
0
0
0
0
0
0
41334
25918
16536
11261
7901
5915
4389
3543
2927
2680
2476
2469
2700
3017
3672
4637
5850
7647
9987
11514
11747
10941
9522
8317
7372
6370
5545
5164
4806
4809
4459
4632
4813
4992
5608
6325
7284
8242
8515
8318
8202
8250
7884
7314
6833
6277
6016
5766
5709
5605
5716
5797
5931
6248
6326
6838
7128
7309
7493
7587
7289
7126
7065
6912
6596
6528
6089
6027
5938
6006
6138
6241
6207
6558
6981
7025
7005
7156
7141
7213
6718
6562
6593
6485
6548
6484
6350
6280
6186
6429
6674
6597
6671
6788
6818
6835
6898
6836
6810
6590
6570
6522
6432
6504
6386
6428
6473
6578
6489
6465
6425
6544
6697
6849
6625
6727
7020
6853
6660
6453
6235
6256
6341
6521
6416
6558
6492
6733
6464
6644
6654
6547
6782
6786
6742
6572
6529
6750
6775
6759
6582
6421
6394
6475
6296
6479
6538
6379
6298
6534
6686
6935
6642
6756
6886
6799
6786
6794
6605
6703
6548
6627
6389
6457
6646
6452
6582
6627
6470
6628
6740
6711
6479
6491
6739
6672
6353
6628
6727
6580
6781
6635
6573
6449
6489
6582
6494
6573
6627
6525
6394
6571
6729
6619
6879
6781
6681
6649
6708
6801
6709
6578
6685
6525
6545
6615
6456
6440
6301
6177
6506
6460
6401
6435
6629
6599
6604
6597
6657
6620
6659
6742
6705
6747
6564
6463
6528
6265
6420
6392
6522
6684
6527
6422
6393
6402
6627
6778
6612
6753
6689
6626
6881
6722
6586
6787
6548
6389
6344
6408
6596
6424
6598
6643
6589
6710
6565
6753
6764
6696
6534
6350
6513
6400
6375
6498
6551
6535
6345
6396
6597
6490
6568
6614
6580
6554
6618
6688
6821
6664
6313
6612
6600
6673
6694
6663
6661
6562
6553
6375
6592
6555
6420
6307
6408
6310
6512
6587
6556
6512
6477
6630
6481
6549
6742
6771
6641
6588
6613
6440
6452
6410
6501
6383
6354
6539
6617
6802
6627
6346
6621
6475
6568
6638
6772
6556
6564
6580
6414
6468
6319
6576
6469
6428
6556
6624
6497
6499
6480
6625
6634
6704
6666
6655
7000
6575
6521
6642
6554
6344
6499
6505
6656
6478
6400
6476
6550
6514
6505
6579
6706
6616
6592
6534
6553
6503
6794
6780
6527
6333
6306
6472
6395
6276
6452
6785
6500
6615
6826
6447
6470
6610
6534
6495
6539
6475
6782
6603
6609
6541
6189
6363
6601
6548
6373
6433
6595
6410
6682
6589
6638
6455
6636
6665
6754
6645
6438
6471
6572
6621
6673
6409
6600
6603
6546
6323
6367
6480
6554
6435
6616
6349
6675
6695
6714
6482
6513
6460
6671
6847
6462
6646
6621
6525
6496
6577
6288
6185
6211
6343
6405
6435
6503
6702
6736
6869
6432
6543
6555
6624
6765
6746
6728
6660
6639
6542
6419
6608
6367
6475
6335
6328
6573
6628
6604
6774
6516
6512
6504
6568
6778
6651
6653
6712
6753
6383
6503
6724
6564
6411
6454
6500
6453
6467
6403
6420
6653
6607
6659
6630
6536
6632
6560
6381
6697
6574
6699
6612
6378
6462
6491
6593
6547
6602
6486
6619
6517
6513
6462
6344
6416
6354
6551
6506
6508
6522
6541
6455
6484
6682
6661
6487
6584
6601
6403
6395
6327
6272
6554
6511
6610
6609
6648
6765
6471
6533
6402
6387
6585
6316
6308
6425
6394
6391
6354
6284
6461
6605
6701
6678
6768
6732
6495
6525
6520
6539
6460
6442
6621
6729
6477
6459
6369
6120
6274
6277
6373
6445
6515
6753
6744
6729
6691
6531
6507
6676
6784
6731
6696
6446
6340
6146
6132
6376
6480
6394
6398
6448
6306
6240
6339
6450
6280
6526
6582
6551
6783
6543
6711
6626
6680
6658
6602
6739
6825
6717
6458
6284
6350
6250
6188
6233
6272
6410
6618
6415
6770
6586
6557
6849
6815
6872
6695
6549
6522
6642
6563
6498
6444
6379
6498
6552
6515
6516
6540
6475
6615
6691
6626
6588
6485
6459
6717
6523
6579
6684
6632
6666
6443
6233
6266
6516
6385
6688
6571
6686
6625
6485
6726
6468
6452
6665
6559
6622
6663
6394
6486
6364
6506
6513
6470
6648
6540
6433
6754
6520
6511
6614
6725
6579
6462
6324
6334
6544
6606
6473
6428
6587
6726
6669
6555
6595
6425
6702
6511
6689
6425
6590
6547
6605
6630
6534
6547
6588
6566
6461
6573
6564
6684
6530
6447
6596
6788
6547
6681
6435
6597
6368
6567
6447
6216
6388
6385
6785
6775
6799
6472
6662
6734
6600
6646
6760
6821
6611
6369
6322
6298
6360
6531
6515
6518
6393
6384
6615
6822
6721
6647
6583
6509
6262
6569
6552
6563
6524
6523
6656
6543
6465
6446
6304
6671
6632
7017
6816
6521
6511
6687
6332
6430
6502
6774
6797
6538
6557
6495
6485
6530
6761
6694
6443
6462
6445
6675
6595
6698
6516
6377
6408
6389
6612
6633
6730
6642
6652
6401
6784
6670
6642
6498
6570
6748
6402
6400
6458
6411
6441
6474
6670
6476
6575
6877
6854
6722
6701
6734
6376
6520
6474
6449
6448
6306
6407
6084
6389
6599
6738
6742
6680
6835
6770
6545
6467
6534
6603
6555
6432
6410
6451
6467
6482
6745
6717
6708
6761
6752
6700
6356
6439
6255
6249
6312
6370
6683
6620
6567
6848
6707
6708
6561
6785
6706
6528
6534
6519
6607
6572
6561
6579
6565
6372
6306
6502
6221
6473
6638
6606
6714
6544
6764
6726
6764
6810
6630
6582
6566
6465
6537
6444
6458
6633
6381
6631
6643
6601
6655
6466
6508
6773
6571
6639
6780
6730
6753
6736
6580
6558
6368
6488
6343
6398
6484
6584
6669
6655
6625
6518
6873
6811
6826
6737
6684
6612
6522
6926
6620
6372
6485
6388
6536
6465
6481
6402
6498
6701
6594
6424
6497
6777
6834
6757
6662
6491
6594
6502
6677
6481
6529
6684
6727
6768
6832
6695
6630
6613
6398
6250
6279
6384
6432
6629
6679
6427
6314
6387
6735
6831
6916
6823
6900
6844
6797
6634
6530
6547
6531
6500
6531
6378
6395
6403
6360
6236
6488
6695
6869
7093
7380
7222
7005
7150
7217
6818
6542
6287
6009
6063
5822
5689
5653
5981
6004
6424
6952
7255
7876
7729
8119
8064
7877
7625
7063
6533
6033
5407
5091
4744
4764
4591
4822
5218
5868
6416
7307
8416
9837
11141
12018
11245
9567
7577
5834
4364
3429
2878
2520
2402
2414
2532
2923
3464
4604
6140
8362
12600
19386
30142
30768
0
0
0
0
0
0
0
0
0
0
0
0
0
0
0
0
0
0
0
0
0
0
0
