0
0
0
0
0
0
0
0
0
0
41975
26417
16902
11326
7927
5779
4250
3385
2774
2573
2257
2297
2508
2963
3432
4418
5952
8074
10175
11890
12319
11293
9729
8208
7013
5845
5262
4967
4739
4511
4502
4728
4923
5156
5843
7028
7451
8102
8472
8586
8530
8092
7369
7007
6555
6460
6193
5565
5685
5596
5888
5935
6303
6408
6659
7017
7196
7389
7132
7364
7050
6880
6993
6967
6585
6693
6402
6328
6185
6237
6148
6437
6753
6784
6837
6926
6804
6800
6655
6582
6587
6622
6386
6545
6584
6671
6850
6671
6776
6567
6570
6671
6758
6857
6596
6523
6696
6432
6469
6506
6423
6591
6660
6859
6848
6817
6738
6653
6355
6463
6522
6676
6834
6613
6665
6617
6431
6332
6555
6733
6534
6611
6504
6507
6795
6781
6625
6746
6772
6604
6605
6587
6425
6699
6631
6514
6726
6556
6598
6512
6651
6521
6504
6753
6788
7004
6730
6654
6311
6220
6334
6609
6634
6681
6645
6520
6470
6402
6511
6541
6612
6567
6852
6800
6543
6489
6416
6609
6511
6440
6554
6709
6643
6590
6498
6338
6648
6719
6438
6559
6545
6387
6651
6576
6580
6486
6380
6477
6653
6684
6446
6634
6618
6552
6548
6698
6730
6645
6830
6641
6540
6614
6751
6703
6491
6567
6588
6689
6361
6424
6441
6420
6464
6698
6802
6760
6921
6950
6651
6527
6532
6504
6515
6499
6331
6381
6323
6268
6517
6637
6457
6712
6713
6818
6802
6769
6697
6729
6581
6509
6346
6300
6233
6395
6482
6733
6744
6787
6682
6723
6608
6823
6601
6644
6454
6552
6659
6668
6366
6200
6244
6275
6191
6417
6492
6590
6670
6709
6683
6602
6802
6909
6880
6668
6527
6581
6730
6492
6230
6332
6402
6392
6428
6749
6722
6662
6626
6568
6514
6439
6482
6313
6421
6715
6867
6938
6672
6804
6740
6792
6868
6548
6440
6300
6266
6554
6504
6459
6319
6515
6604
6538
6734
6647
6462
6668
6833
6979
6892
6446
6420
6393
6611
6595
6396
6345
6426
6501
6581
6633
6584
6622
6547
6553
6632
6914
6669
6725
6475
6580
6600
6644
6431
6549
6459
6550
6370
6496
6543
6452
6577
6640
6608
6620
6583
6826
6417
6639
6539
6259
6575
6600
6612
6651
6540
6508
6433
6321
6549
6555
6749
6750
6568
6393
6549
6689
6657
6574
6505
6516
6650
6684
6589
6485
6256
6486
6220
6464
6671
6548
6590
6638
6543
6542
6572
6785
6637
6608
6416
6584
6560
6536
6444
6509
6570
6548
6514
6451
6565
6542
6495
6418
6466
6540
6572
6480
6620
6445
6373
6492
6591
6424
6302
6562
6792
6832
6856
6601
6466
6363
6427
6181
6382
6394
6675
6718
6740
6531
6407
6479
6484
6491
6594
6654
6810
6697
6593
6430
6371
6457
6605
6581
6520
6535
6645
6467
6352
6196
6269
6484
6627
6738
6956
6591
6588
6507
6512
6618
6395
6479
6511
6664
6708
6427
6592
6468
6377
6357
6371
6380
6294
6405
6377
6583
6680
6607
6316
6390
6502
6467
6501
6670
6610
6724
6776
6617
6645
6623
6688
6721
6511
6333
6004
6210
6267
6482
6343
6769
6451
6658
6535
6697
6829
6742
6726
6553
6392
6483
6400
6404
6404
6315
6453
6491
6451
6648
6658
6777
6646
6681
6581
6499
6645
6546
6240
6178
6368
6391
6530
6444
6605
6701
6519
6426
6634
6749
6462
6531
6617
6625
6536
6796
6664
6430
6380
6163
6328
6535
6460
6505
6610
6659
6635
6491
6444
6536
6707
6753
6575
6714
6776
6662
6773
6662
6401
6256
6304
6204
6191
6374
6489
6388
6673
6606
6678
6598
6686
6846
6898
6707
6675
6491
6539
6338
6520
6283
6178
6249
6442
6590
6346
6560
6303
6354
6607
6523
6694
6590
6581
6864
6623
6592
6591
6317
6454
6434
6534
6372
6481
6483
6481
6513
6744
6495
6572
6422
6269
6270
6369
6521
6582
6640
6636
6651
6630
6725
6574
6416
6314
6685
6500
6465
6467
6609
6657
6493
6380
6498
6449
6539
6661
6427
6625
6699
6713
6349
6414
6476
6486
6288
6426
6485
6490
6581
6486
6554
6611
6681
6545
6505
6630
6465
6519
6510
6479
6899
6667
6597
6486
6464
6479
6620
6267
6396
6511
6291
6505
6396
6657
6644
6584
6634
6689
6682
6578
6573
6561
6475
6507
6496
6429
6481
6307
6233
6595
6574
6744
6699
6595
6731
6731
6555
6344
6358
6328
6556
6543
6757
6673
6476
6592
6556
6441
6537
6447
6424
6124
6655
6457
6575
6573
6602
6697
6720
6579
6445
6751
6749
6482
6824
6553
6601
6665
6347
6442
6514
6428
6504
6437
6421
6519
6464
6454
6548
6577
6846
6476
6824
6615
6480
6375
6471
6432
6443
6197
6568
6617
6629
6641
6663
6689
6630
6643
6525
6804
6646
6410
6416
6479
6371
6561
6562
6502
6468
6536
6418
6420
6570
6737
6709
6692
6718
6610
6594
6621
6565
6558
6577
6611
6356
6420
6323
6157
6396
6592
6482
6462
6665
6463
6589
6742
6782
6688
6909
6705
6530
6301
6461
6328
6405
6519
6475
6524
6522
6559
6581
6560
6626
6391
6750
6516
6462
6692
6622
6562
6508
6688
6568
6529
6353
6450
6455
6652
6629
6680
6580
6549
6507
6695
6582
6673
6740
6499
6302
6412
6486
6381
6441
6699
6823
6832
6611
6779
6976
6613
6532
6577
6453
6370
6448
6337
6463
6634
6566
6619
6445
6496
6500
6465
6576
6726
6830
6746
6799
6738
6670
6376
6563
6585
6353
6944
6683
6715
6535
6450
6375
6212
6389
6489
6663
6468
6768
6544
6834
6898
6573
6777
6603
6561
6646
6609
6654
6629
6654
6363
6437
6529
6257
6213
6334
6387
6532
6862
6777
6825
6778
6739
6767
6767
6671
6772
6542
6338
6524
6564
6515
6500
6282
6451
6469
6384
6467
6461
6408
6657
6790
6772
6888
6792
6892
6774
6590
6654
6625
6801
6629
6454
6372
6261
6062
6382
6379
6500
6510
6742
6989
6948
7029
7003
6774
6644
6623
6742
6767
6531
6456
6361
6230
5848
6272
6352
6421
6412
6758
6681
6874
6875
7403
7334
7345
7270
6856
6589
6203
5899
5610
5628
5719
5754
5690
5933
6308
6741
7157
7709
8213
8371
8544
8611
7851
7171
6512
5823
5221
4805
4599
4447
4481
4695
5040
5609
6493
7347
8516
9836
11251
11758
11380
9841
7445
5599
4083
3135
2754
2419
2223
2264
2491
3073
3838
4728
6272
8858
12829
19463
30004
30512
0
0
0
0
0
0
0
0
0
0
0
0
0
0
0
0
0
0
0
0
0
0
0
