64
5.903564441056655e+000
2.564004081502311e+001
6.410010203755777e+000 2.951782220528327e+000 1.222668228914603e+000
5.802055674518202e-001 1.101770116361616e+000 2.788793103448276e+000
6.410010203755777e+000 2.951782220528327e+000 4.680896212142051e+000
5.802055674518202e-001 1.101770116361616e+000 2.788793103448276e+000
6.410010203755777e+000 1.222668228914603e+000 2.951782220528327e+000
-5.802055674518202e-001 -1.101770116361616e+000 -2.788793103448276e+000
6.410010203755777e+000 4.680896212142051e+000 2.951782220528327e+000
-5.802055674518202e-001 -1.101770116361616e+000 -2.788793103448276e+000
4.680896212142052e+000 2.951782220528327e+000 2.951782220528327e+000
-1.764090789435199e-001 1.865321575326655e-001 4.802346246657536e-001
8.139124195369501e+000 2.951782220528327e+000 2.951782220528327e+000
1.764090789435199e-001 1.865321575326655e-001 4.802346246657536e-001
4.680896212142052e+000 1.222668228914603e+000 1.222668228914603e+000
-2.191619342626054e+000 1.001358942172752e-001 -8.152419805805500e-001
4.680896212142052e+000 1.222668228914603e+000 4.680896212142051e+000
2.191619342626054e+000 -1.001358942172752e-001 8.152419805805500e-001
4.680896212142052e+000 4.680896212142051e+000 1.222668228914603e+000
2.191619342626054e+000 -1.001358942172752e-001 8.152419805805500e-001
4.680896212142052e+000 4.680896212142051e+000 4.680896212142051e+000
-2.191619342626054e+000 1.001358942172752e-001 -8.152419805805500e-001
8.139124195369501e+000 1.222668228914603e+000 1.222668228914603e+000
2.191619342626054e+000 -1.001358942172752e-001 8.152419805805500e-001
8.139124195369501e+000 1.222668228914603e+000 4.680896212142051e+000
-2.191619342626054e+000 1.001358942172752e-001 -8.152419805805500e-001
8.139124195369501e+000 4.680896212142051e+000 1.222668228914603e+000
-2.191619342626054e+000 1.001358942172752e-001 -8.152419805805500e-001
8.139124195369501e+000 4.680896212142051e+000 4.680896212142051e+000
2.191619342626054e+000 -1.001358942172752e-001 8.152419805805500e-001
2.951782220528328e+000 2.951782220528327e+000 1.222668228914603e+000
5.579042276096975e-001 -8.314312824195749e-001 -2.957599159060396e-001
2.951782220528328e+000 2.951782220528327e+000 4.680896212142051e+000
-5.579042276096975e-001 8.314312824195749e-001 2.957599159060396e-001
9.868238186983223e+000 2.951782220528327e+000 1.222668228914603e+000
-5.579042276096975e-001 8.314312824195749e-001 2.957599159060396e-001
9.868238186983223e+000 2.951782220528327e+000 4.680896212142051e+000
5.579042276096975e-001 -8.314312824195749e-001 -2.957599159060396e-001
2.951782220528328e+000 1.222668228914603e+000 2.951782220528327e+000
-8.802918221920598e+000 -2.674518287064856e+000 1.466298596733379e-001
2.951782220528328e+000 4.680896212142051e+000 2.951782220528327e+000
8.802918221920598e+000 2.674518287064856e+000 -1.466298596733379e-001
9.868238186983223e+000 1.222668228914603e+000 2.951782220528327e+000
8.802918221920598e+000 2.674518287064856e+000 -1.466298596733379e-001
9.868238186983223e+000 4.680896212142051e+000 2.951782220528327e+000
-8.802918221920598e+000 -2.674518287064856e+000 1.466298596733379e-001
1.222668228914603e+000 2.951782220528327e+000 2.951782220528327e+000
-1.637076229668821e-001 -1.865321575326655e-001 -4.802346246657536e-001
1.159735217859695e+001 2.951782220528327e+000 2.951782220528327e+000
1.637076229668821e-001 -1.865321575326655e-001 -4.802346246657536e-001
1.222668228914603e+000 1.222668228914603e+000 1.222668228914603e+000
1.669148936170213e+000 -8.723855870780701e-001 -9.399392314155166e-001
1.222668228914603e+000 1.222668228914603e+000 4.680896212142051e+000
-1.669148936170213e+000 8.723855870780701e-001 9.399392314155166e-001
1.222668228914603e+000 4.680896212142051e+000 1.222668228914603e+000
-1.669148936170213e+000 8.723855870780701e-001 9.399392314155166e-001
1.222668228914603e+000 4.680896212142051e+000 4.680896212142051e+000
1.669148936170213e+000 -8.723855870780701e-001 -9.399392314155166e-001
1.159735217859695e+001 1.222668228914603e+000 1.222668228914603e+000
-1.669148936170213e+000 8.723855870780701e-001 9.399392314155166e-001
1.159735217859695e+001 1.222668228914603e+000 4.680896212142051e+000
1.669148936170213e+000 -8.723855870780701e-001 -9.399392314155166e-001
1.159735217859695e+001 4.680896212142051e+000 1.222668228914603e+000
1.669148936170213e+000 -8.723855870780701e-001 -9.399392314155166e-001
1.159735217859695e+001 4.680896212142051e+000 4.680896212142051e+000
-1.669148936170213e+000 8.723855870780701e-001 9.399392314155166e-001
1.923003061126733e+001 2.951782220528327e+000 1.222668228914603e+000
5.802055674518202e-001 1.101770116361616e+000 2.788793103448276e+000
1.923003061126733e+001 2.951782220528327e+000 4.680896212142051e+000
5.802055674518202e-001 1.101770116361616e+000 2.788793103448276e+000
1.923003061126733e+001 1.222668228914603e+000 2.951782220528327e+000
-5.802055674518202e-001 -1.101770116361616e+000 -2.788793103448276e+000
1.923003061126733e+001 4.680896212142051e+000 2.951782220528327e+000
-5.802055674518202e-001 -1.101770116361616e+000 -2.788793103448276e+000
1.750091661965361e+001 2.951782220528327e+000 2.951782220528327e+000
-1.764090789435199e-001 1.865321575326655e-001 4.802346246657536e-001
2.095914460288105e+001 2.951782220528327e+000 2.951782220528327e+000
1.764090789435199e-001 1.865321575326655e-001 4.802346246657536e-001
1.750091661965361e+001 1.222668228914603e+000 1.222668228914603e+000
-2.191619342626054e+000 1.001358942172752e-001 -8.152419805805500e-001
1.750091661965361e+001 1.222668228914603e+000 4.680896212142051e+000
2.191619342626054e+000 -1.001358942172752e-001 8.152419805805500e-001
1.750091661965361e+001 4.680896212142051e+000 1.222668228914603e+000
2.191619342626054e+000 -1.001358942172752e-001 8.152419805805500e-001
1.750091661965361e+001 4.680896212142051e+000 4.680896212142051e+000
-2.191619342626054e+000 1.001358942172752e-001 -8.152419805805500e-001
2.095914460288105e+001 1.222668228914603e+000 1.222668228914603e+000
2.191619342626054e+000 -1.001358942172752e-001 8.152419805805500e-001
2.095914460288105e+001 1.222668228914603e+000 4.680896212142051e+000
-2.191619342626054e+000 1.001358942172752e-001 -8.152419805805500e-001
2.095914460288105e+001 4.680896212142051e+000 1.222668228914603e+000
-2.191619342626054e+000 1.001358942172752e-001 -8.152419805805500e-001
2.095914460288105e+001 4.680896212142051e+000 4.680896212142051e+000
2.191619342626054e+000 -1.001358942172752e-001 8.152419805805500e-001
1.577180262803988e+001 2.951782220528327e+000 1.222668228914603e+000
5.579042276096975e-001 -8.314312824195749e-001 -2.957599159060396e-001
1.577180262803988e+001 2.951782220528327e+000 4.680896212142051e+000
-5.579042276096975e-001 8.314312824195749e-001 2.957599159060396e-001
2.268825859449478e+001 2.951782220528327e+000 1.222668228914603e+000
-5.579042276096975e-001 8.314312824195749e-001 2.957599159060396e-001
2.268825859449478e+001 2.951782220528327e+000 4.680896212142051e+000
5.579042276096975e-001 -8.314312824195749e-001 -2.957599159060396e-001
1.577180262803988e+001 1.222668228914603e+000 2.951782220528327e+000
-8.802918221920598e+000 -2.674518287064856e+000 1.466298596733379e-001
1.577180262803988e+001 4.680896212142051e+000 2.951782220528327e+000
8.802918221920598e+000 2.674518287064856e+000 -1.466298596733379e-001
2.268825859449478e+001 1.222668228914603e+000 2.951782220528327e+000
8.802918221920598e+000 2.674518287064856e+000 -1.466298596733379e-001
2.268825859449478e+001 4.680896212142051e+000 2.951782220528327e+000
-8.802918221920598e+000 -2.674518287064856e+000 1.466298596733379e-001
1.404268863642616e+001 2.951782220528327e+000 2.951782220528327e+000
-1.637076229668821e-001 -1.865321575326655e-001 -4.802346246657536e-001
2.441737258610850e+001 2.951782220528327e+000 2.951782220528327e+000
1.637076229668821e-001 -1.865321575326655e-001 -4.802346246657536e-001
1.404268863642616e+001 1.222668228914603e+000 1.222668228914603e+000
1.669148936170213e+000 -8.723855870780701e-001 -9.399392314155166e-001
1.404268863642616e+001 1.222668228914603e+000 4.680896212142051e+000
-1.669148936170213e+000 8.723855870780701e-001 9.399392314155166e-001
1.404268863642616e+001 4.680896212142051e+000 1.222668228914603e+000
-1.669148936170213e+000 8.723855870780701e-001 9.399392314155166e-001
1.404268863642616e+001 4.680896212142051e+000 4.680896212142051e+000
1.669148936170213e+000 -8.723855870780701e-001 -9.399392314155166e-001
2.441737258610850e+001 1.222668228914603e+000 1.222668228914603e+000
-1.669148936170213e+000 8.723855870780701e-001 9.399392314155166e-001
2.441737258610850e+001 1.222668228914603e+000 4.680896212142051e+000
1.669148936170213e+000 -8.723855870780701e-001 -9.399392314155166e-001
2.441737258610850e+001 4.680896212142051e+000 1.222668228914603e+000
1.669148936170213e+000 -8.723855870780701e-001 -9.399392314155166e-001
2.441737258610850e+001 4.680896212142051e+000 4.680896212142051e+000
-1.669148936170213e+000 8.723855870780701e-001 9.399392314155166e-001
